0 	 0 
0 	 0 
0.012833 	 68.746494 
0.447542 	 2.406514 
0.512464 	 2.224400 
0.528191 	 2.176334 
0.531390 	 3.018386 
0.644994 	 3.421806 
0.765616 	 4.483816 
1.072074 	 3.655181 
1.233989 	 4.415621 
1.616540 	 3.422705 
1.644578 	 3.383687 
1.652526 	 3.613195 
1.733759 	 3.511928 
1.763244 	 3.505984 
1.781857 	 3.711459 
1.889703 	 3.959941 
2.063668 	 3.678969 
2.081844 	 3.721538 
2.104057 	 3.856761 
2.165255 	 3.776822 
2.174245 	 3.777228 
2.180052 	 3.784686 
2.187690 	 3.779605 
2.192138 	 3.943920 
2.317809 	 3.813250 
2.366002 	 4.040234 
2.606273 	 4.009620 
2.829013 	 3.721377 
2.854901 	 3.744108 
2.935517 	 3.746131 
3.038109 	 3.734627 
3.212794 	 3.617937 
3.305289 	 3.577724 
3.355721 	 3.619992 
3.463144 	 3.637579 
3.575588 	 3.935708 
4.067258 	 3.470272 
4.088270 	 3.743554 
4.484991 	 3.459510 
4.590599 	 3.568365 
4.878952 	 3.392277 
4.963865 	 3.365287 
5.015222 	 3.731975 
5.518186 	 3.446421 
5.578448 	 3.671870 
5.822671 	 3.780564 
6.041192 	 3.657745 
6.051712 	 3.817312 
6.163283 	 3.765353 
6.173848 	 3.764368 
6.177593 	 3.953804 
6.325638 	 3.876197 
6.336129 	 3.931057 
6.374956 	 2.388174 
6.403758 	 2.414872 
6.427733 	 0.851464 
6.428526 	 -0.504374 
6.535579 	 -0.389706 
6.598800 	 -0.204917 
6.718275 	 -0.109291 
6.786937 	 0.076625 
6.912367 	 0.172236 
6.986867 	 0.221646 
7.031624 	 0.320979 
7.132824 	 0.548006 
7.408128 	 0.625546 
7.553187 	 0.792483 
7.778461 	 0.835391 
7.880917 	 0.881418 
7.993000 	 1.003778 
8.208362 	 1.065206 
8.388463 	 1.118182 
8.600539 	 1.108764 
8.678609 	 1.198713 
8.967674 	 1.220610 
9.103391 	 1.316307 
9.449001 	 1.306301 
9.539096 	 1.301078 
9.552670 	 1.391356 
9.699345 	 1.370397 
9.699504 	 1.372149 
9.702373 	 1.371948 
9.702770 	 1.392386 
9.752482 	 1.397338 
9.775985 	 1.494171 
10.020855 	 1.498016 
10.101736 	 1.533115 
10.181024 	 1.672382 
10.400942 	 1.669865 
10.443644 	 1.772572 
10.570748 	 1.755483 
10.575214 	 1.859543 
10.698359 	 1.900799 
10.782154 	 1.985517 
10.901345 	 2.001897 
10.942867 	 2.031759 
10.988412 	 2.032926 
10.998947 	 2.220709 
11.230818 	 2.188732 
11.250291 	 2.212716 
11.294926 	 2.216064 
11.312000 	 2.259997 
11.388401 	 2.258621 
11.408025 	 2.287906 
11.462082 	 2.357435 
11.577160 	 2.339020 
11.583616 	 2.394074 
11.665219 	 2.421226 
11.738375 	 2.450033 
11.824255 	 2.504589 
11.995353 	 2.471816 
12.004205 	 2.477421 
12.033928 	 2.541750 
12.457810 	 2.489599 
12.600380 	 2.470524 
12.629027 	 2.476583 
12.658486 	 2.492108 
12.703400 	 2.496584 
12.727512 	 2.514002 
12.762749 	 2.511281 
12.768733 	 2.550785 
12.833664 	 2.610622 
12.967029 	 2.647593 
13.070474 	 2.682576 
13.174921 	 2.672991 
13.200573 	 2.692941 
13.247990 	 2.690873 
13.260526 	 2.691229 
13.264798 	 2.778412 
13.410793 	 2.761464 
13.436272 	 2.783691 
13.497773 	 2.776262 
13.507906 	 2.779866 
13.520708 	 2.845948 
13.706521 	 2.851606 
13.858114 	 2.889850 
14.050567 	 2.852421 
14.058134 	 2.853014 
14.064116 	 2.864877 
14.094769 	 2.873086 
14.135472 	 2.898027 
14.252846 	 2.883041 
14.278158 	 2.886294 
14.308013 	 2.881243 
14.310795 	 2.896350 
14.366845 	 2.942359 
14.531514 	 2.914189 
14.544041 	 3.029694 
14.887325 	 2.985264 
14.981973 	 3.010499 
15.202183 	 2.966891 
15.202184 	 3.007747 
15.326406 	 3.006130 
15.413615 	 3.006003 
15.500349 	 3.017104 
15.608548 	 3.028068 
15.708065 	 3.050511 
15.871535 	 3.046931 
16.018815 	 3.058130 
16.175854 	 3.032164 
16.195926 	 3.038218 
16.275381 	 3.038782 
16.525964 	 2.992705 
16.575093 	 2.986105 
16.612729 	 2.979340 
16.689238 	 2.982632 
16.972125 	 2.934267 
16.983567 	 2.961099 
17.472854 	 2.889357 
17.570497 	 2.955301 
18.050763 	 2.905733 
18.181908 	 2.891355 
18.221792 	 2.900569 
18.363402 	 2.897559 
18.481892 	 2.883121 
18.501018 	 2.883316 
18.520599 	 2.913416 
18.827560 	 2.888223 
18.967558 	 2.877759 
19.019023 	 2.870965 
19.022802 	 2.885566 
19.094952 	 2.922680 
19.278330 	 2.906784 
19.316581 	 2.903937 
19.327819 	 2.913022 
19.379872 	 2.919341 
19.434694 	 2.929637 
19.524727 	 2.928180 
19.603171 	 2.932501 
19.681771 	 2.942432 
19.766960 	 2.938211 
19.808768 	 2.940754 
19.843410 	 2.973831 
20.032970 	 2.951332 
20.055571 	 2.950660 
20.064440 	 2.969785 
20.122998 	 2.964273 
20.133495 	 2.965627 
20.141836 	 3.003262 
20.239683 	 3.010294 
20.301993 	 3.015747 
20.339279 	 3.019051 
20.364941 	 3.044862 
20.440332 	 3.198943 
20.815778 	 3.173600 
20.899966 	 3.180068 
20.957445 	 3.177473 
20.978847 	 3.227888 
21.203978 	 3.209341 
21.287334 	 3.219003 
21.381972 	 3.219161 
21.433308 	 3.224173 
21.487846 	 3.261657 
21.733168 	 3.225268 
21.736272 	 3.226799 
21.757918 	 3.242377 
21.894179 	 3.230764 
21.941066 	 3.272533 
22.154654 	 3.250805 
22.190920 	 3.257904 
22.246004 	 3.286497 
22.449891 	 3.264571 
22.509167 	 3.291753 
22.911851 	 3.252505 
23.338150 	 3.202798 
23.451376 	 3.207178 
23.606496 	 3.201910 
23.699785 	 3.196719 
23.734916 	 3.236621 
23.911481 	 3.240937 
24.007861 	 3.282765 
24.227288 	 3.292519 
24.418618 	 3.267620 
24.424110 	 3.318889 
24.678138 	 3.285060 
24.680202 	 3.285910 
24.689454 	 3.292323 
24.736637 	 3.301518 
24.864236 	 3.289794 
24.929113 	 3.284521 
24.956444 	 3.313579 
25.160178 	 3.293458 
25.216463 	 3.289369 
25.237030 	 3.324828 
25.429534 	 3.301122 
25.435735 	 3.326803 
25.531978 	 3.385400 
25.834690 	 3.382927 
26.026870 	 3.388745 
26.160466 	 3.372094 
26.162910 	 3.384930 
26.205920 	 3.415526 
26.341258 	 3.402175 
26.359689 	 3.401501 
26.368677 	 3.401079 
26.371915 	 3.428133 
26.516815 	 3.414498 
26.550604 	 3.420369 
26.604856 	 3.470558 
26.858330 	 3.463829 
26.998123 	 3.449519 
27.014433 	 3.457180 
27.052036 	 3.459113 
27.074824 	 3.459048 
27.083387 	 3.475628 
27.131252 	 3.524183 
27.296109 	 3.541689 
27.401993 	 3.602249 
27.628047 	 3.617691 
27.752139 	 3.288525 
27.871582 	 2.974814 
28.009012 	 2.641312 
28.091149 	 2.644873 
28.117565 	 2.316513 
28.181962 	 1.958906 
28.187043 	 1.657316 
28.287643 	 1.336376 
28.355649 	 0.988239 
28.368545 	 0.654004 
28.398044 	 0.318003 
28.423177 	 0.351946 
28.477218 	 0.514405 
28.750478 	 0.555857 
28.833748 	 0.596922 
28.915771 	 0.595409 
28.916144 	 0.265097 
28.946069 	 -0.073014 
28.959878 	 -0.043921 
29.015980 	 -0.038565 
29.026904 	 -0.001198 
29.110306 	 0.010764 
29.139315 	 -0.329560 
29.145740 	 -0.304560 
29.206283 	 -0.640584 
29.219171 	 -0.618443 
29.272396 	 -0.614069 
29.281042 	 -0.603104 
29.312619 	 -0.939232 
29.324270 	 -0.888411 
29.472205 	 -0.861578 
29.545470 	 -0.823344 
29.678786 	 -0.816459 
29.689292 	 -0.804394 
29.732996 	 -0.795557 
29.765512 	 -0.770583 
29.885091 	 -0.765009 
29.899979 	 -0.746253 
30.037332 	 -0.727475 
30.129642 	 -0.719697 
30.171439 	 -0.715555 
30.190415 	 -0.688396 
30.392011 	 -0.674430 
30.487231 	 -0.669555 
30.529441 	 -0.660471 
30.612461 	 -0.653593 
30.651388 	 -0.633991 
30.766465 	 -0.624141 
30.804817 	 -0.617625 
30.830071 	 -0.605637 
30.889070 	 -0.604329 
30.889737 	 -0.591406 
30.939584 	 -0.585598 
30.961045 	 -0.577577 
31.000343 	 -0.562609 
31.063385 	 -0.527104 
31.241294 	 -0.492671 
31.437681 	 -0.479954 
31.488192 	 -0.436118 
31.681915 	 -0.425680 
31.712693 	 -0.419989 
31.736601 	 -0.418310 
31.743811 	 -0.415615 
31.755600 	 -0.408906 
31.781619 	 -0.389660 
31.848401 	 -0.367303 
31.934151 	 -0.357397 
31.965802 	 -0.349228 
31.997029 	 -0.309264 
32.137898 	 -0.277095 
32.236925 	 -0.239454 
32.368701 	 -0.228852 
32.407655 	 -0.225253 
32.423040 	 -0.217316 
32.454775 	 -0.178617 
32.593562 	 -0.125792 
32.805684 	 -0.124249 
32.809102 	 -0.102010 
32.930638 	 -0.101537 
32.931092 	 -0.097857 
32.951281 	 -0.092419 
32.976600 	 -0.091025 
32.983871 	 -0.070672 
33.079676 	 -0.044430 
33.223231 	 -0.025907 
33.345035 	 -0.023016 
33.368341 	 -0.017759 
33.403321 	 0.020770 
33.617717 	 0.023770 
33.632758 	 0.027076 
33.646701 	 0.031209 
33.666622 	 0.064097 
33.805105 	 0.104005 
33.955991 	 0.103900 
33.957201 	 0.113661 
33.994044 	 0.116040 
34.002552 	 0.129678 
34.054184 	 0.133304 
34.070459 	 0.135387 
34.080904 	 0.148696 
34.137779 	 0.150340 
34.147005 	 0.154881 
34.173084 	 0.168909 
34.269766 	 0.175870 
34.312246 	 0.223549 
34.547022 	 0.263169 
34.724676 	 0.275256 
34.791319 	 0.279738 
34.820363 	 0.280667 
34.828455 	 0.302829 
34.957482 	 0.313389 
35.039125 	 0.317186 
35.078781 	 0.317729 
35.085107 	 0.319200 
35.094045 	 0.325910 
35.128093 	 0.347140 
35.254238 	 0.368983 
35.370501 	 0.389061 
35.496011 	 0.422331 
35.671692 	 0.423742 
35.692449 	 0.433664 
35.744297 	 0.463369 
35.925008 	 0.470310 
35.972596 	 0.474780 
35.995489 	 0.475553 
35.999790 	 0.477343 
36.006439 	 0.290945 
36.305677 	 0.293481 
36.323591 	 0.041069 
36.399661 	 0.044116 
36.411065 	 -0.218391 
36.451277 	 -0.483510 
36.478550 	 -0.482377 
36.481108 	 -0.754811 
36.486115 	 -1.000749 
36.564801 	 -0.916144 
36.816034 	 -1.167919 
36.854534 	 -1.079792 
37.121442 	 -1.003506 
37.352682 	 -0.995845 
37.358094 	 -1.260962 
37.366306 	 -1.250143 
37.405699 	 -1.223106 
37.512596 	 -1.207734 
37.568333 	 -1.188825 
37.660199 	 -1.175500 
37.709276 	 -1.166784 
37.739385 	 -1.154741 
37.781322 	 -1.141799 
37.830271 	 -1.138198 
37.840311 	 -1.137881 
37.840375 	 -1.133649 
37.860383 	 -1.083308 
38.129419 	 -1.066337 
38.173876 	 -1.064128 
38.177979 	 -1.037251 
38.305697 	 -1.020691 
38.361458 	 -0.989754 
38.474447 	 -0.979294 
38.506735 	 -0.967962 
38.557329 	 -0.960840 
38.582399 	 -0.952950 
38.617439 	 -0.942877 
38.656953 	 -0.940543 
38.662247 	 -0.929782 
38.707923 	 -0.894612 
38.839810 	 -1.148465 
38.841849 	 -1.094037 
39.053023 	 -1.076471 
39.103575 	 -1.065941 
39.148245 	 -1.057826 
39.186826 	 -1.039431 
39.300162 	 -1.035699 
39.304288 	 -1.027200 
39.345506 	 -1.011595 
39.427174 	 -1.003890 
39.454820 	 -0.986074 
39.551273 	 -0.943949 
39.813105 	 -0.914621 
39.997196 	 -0.894839 
40.101005 	 -0.885818 
40.139417 	 -0.870721 
40.234739 	 -0.858612 
40.315583 	 -0.855615 
40.324150 	 -0.827406 
40.485602 	 -0.801315 
40.600943 	 -0.787360 
40.653630 	 -0.785371 
40.658549 	 -0.783593 
40.668326 	 -0.774046 
40.731760 	 -0.739412 
40.926272 	 -0.730278 
40.964610 	 -0.723589 
40.999754 	 -0.719760 
41.021679 	 -0.708768 
41.108705 	 -0.701939 
41.163468 	 -0.692569 
41.279226 	 -0.685573 
41.383531 	 -0.678921 
41.451448 	 -0.670914 
41.522899 	 -0.664685 
41.593131 	 -0.651336 
41.720266 	 -0.638245 
41.874723 	 -0.615423 
42.088991 	 -0.607122 
42.132495 	 -0.595002 
42.253558 	 -0.580325 
42.363177 	 -0.573933 
42.414974 	 -0.560159 
42.599807 	 -0.556309 
42.630037 	 -0.544895 
42.786630 	 -0.535836 
42.862202 	 -0.509850 
43.219972 	 -0.500998 
43.270015 	 -0.486747 
43.467198 	 -0.454655 
44.116693 	 -0.444795 
44.163257 	 -0.439532 
44.269117 	 -0.430633 
44.616523 	 -0.427280 
44.894594 	 -0.423818 
44.931230 	 -0.420504 
44.997909 	 -0.403156 
45.248779 	 -0.391269 
45.357954 	 -0.388214 
45.377124 	 -0.368605 
45.524182 	 -0.348082 
45.649910 	 -0.345885 
45.656977 	 -0.337916 
45.697132 	 -0.335137 
45.711313 	 -0.331673 
45.728379 	 -0.307391 
45.838848 	 -0.304796 
45.848294 	 -0.302687 
45.857674 	 -0.518187 
45.868113 	 -0.497398 
45.962929 	 -0.493297 
45.978630 	 -0.488482 
46.005335 	 -0.477878 
46.073168 	 -0.470485 
46.124534 	 -0.463916 
46.180299 	 -0.458659 
46.216449 	 -0.433187 
46.382256 	 -0.424828 
46.421740 	 -0.373398 
46.760407 	 -0.326798 
47.016982 	 -0.323694 
47.025854 	 -0.316814 
47.065934 	 -0.310694 
47.105273 	 -0.304776 
47.149693 	 -0.303758 
47.154621 	 -0.302122 
47.167229 	 -0.299287 
47.185787 	 -0.284521 
47.272183 	 -0.259461 
47.401080 	 -0.250829 
47.448043 	 -0.190525 
47.764656 	 -0.177834 
47.819244 	 -0.372614 
47.880703 	 -0.367626 
47.902296 	 -0.363862 
47.921450 	 -0.362504 
47.927259 	 -0.553467 
48.004129 	 -0.757014 
48.019660 	 -0.960582 
48.036040 	 -1.157896 
48.072190 	 -1.155303 
48.078559 	 -1.361374 
48.084633 	 -1.347501 
48.135311 	 -1.552493 
48.139908 	 -1.551200 
48.144148 	 -1.546128 
48.163948 	 -1.506249 
48.335777 	 -1.703427 
48.353314 	 -1.700827 
48.362025 	 -1.695065 
48.388412 	 -1.894773 
48.414931 	 -1.860597 
48.575369 	 -1.844297 
48.630177 	 -1.830794 
48.699624 	 -1.826393 
48.709308 	 -1.813534 
48.770174 	 -1.808958 
48.782708 	 -1.801171 
48.827357 	 -1.783733 
48.913027 	 -1.766590 
48.998743 	 -1.763090 
49.000973 	 -1.749692 
49.082544 	 -1.701909 
49.327278 	 -1.681375 
49.401822 	 -1.649350 
49.563684 	 -1.642200 
49.572425 	 -1.831354 
49.627771 	 -2.018778 
49.677541 	 -2.007636 
49.718727 	 -2.193626 
49.774571 	 -2.186125 
49.797374 	 -2.384547 
49.803144 	 -2.342241 
49.993438 	 -2.316466 
50.077723 	 -2.485867 
50.197865 	 -2.677462 
50.204839 	 -2.673155 
50.222798 	 -2.869650 
50.229752 	 -3.045597 
50.317620 	 -3.152194 
50.629670 	 -3.122265 
50.670566 	 -3.114760 
50.691614 	 -3.301762 
50.726613 	 -3.299311 
50.727345 	 -3.486542 
50.765797 	 -3.668048 
50.812343 	 -3.645391 
50.887768 	 -3.638031 
50.896065 	 -3.622494 
50.965210 	 -3.617282 
50.966724 	 -3.812632 
50.970195 	 -3.799407 
51.036279 	 -3.989105 
51.042412 	 -3.952678 
51.225893 	 -4.132873 
51.229904 	 -4.317513 
51.273601 	 -4.288488 
51.391739 	 -4.267594 
51.448457 	 -4.451420 
51.475763 	 -4.643272 
51.475990 	 -4.627252 
51.550864 	 -4.776993 
51.712053 	 -4.754107 
51.749640 	 -4.749919 
51.753444 	 -4.748862 
51.757515 	 -4.739368 
51.816521 	 -4.718330 
51.906575 	 -4.705229 
51.938463 	 -4.683107 
52.049458 	 -4.648761 
52.176245 	 -4.637006 
52.178904 	 -4.630911 
52.217119 	 -4.624939 
52.236380 	 -4.619547 
52.268482 	 -4.614166 
52.287471 	 -4.608311 
52.314789 	 -4.552828 
52.623313 	 -4.522828 
52.645065 	 -4.506113 
52.756724 	 -4.494562 
52.774427 	 -4.484837 
52.861156 	 -4.473488 
52.913898 	 -4.469012 
52.914085 	 -4.464645 
52.952453 	 -4.456564 
52.989110 	 -4.440930 
53.099960 	 -4.412932 
53.242019 	 -4.383324 
53.360702 	 -4.365223 
53.410222 	 -4.348154 
53.497158 	 -4.308798 
53.743936 	 -4.284209 
53.786967 	 -4.260607 
54.003994 	 -4.232541 
54.151740 	 -4.212083 
54.312568 	 -4.199065 
54.327373 	 -4.197592 
54.345267 	 -4.190298 
54.505907 	 -4.173739 
54.735324 	 -4.152141 
54.847650 	 -4.141475 
54.887194 	 -4.122287 
55.331898 	 -4.073658 
55.617744 	 -4.046755 
55.783652 	 -4.030754 
55.857389 	 -4.018979 
55.947514 	 -4.012350 
55.950399 	 -4.011950 
55.955824 	 -4.009946 
56.046195 	 -4.001223 
56.109421 	 -3.985033 
56.327903 	 -3.962917 
56.515452 	 -3.948968 
56.530477 	 -3.941453 
56.621855 	 -3.928916 
56.738419 	 -3.917965 
56.820101 	 -3.910740 
56.850267 	 -3.906033 
56.925089 	 -3.897936 
56.981313 	 -3.878734 
57.418816 	 -3.841697 
57.562033 	 -3.830477 
57.585946 	 -3.826765 
57.626658 	 -3.822593 
57.647822 	 -3.820838 
57.651879 	 -3.819239 
57.671051 	 -3.817095 
57.687846 	 -3.808710 
57.792749 	 -3.788250 
57.949334 	 -3.771690 
58.010407 	 -3.766326 
58.026573 	 -3.751818 
58.156735 	 -3.729004 
58.324418 	 -3.714800 
58.375212 	 -3.685582 
58.678588 	 -3.662907 
58.731703 	 -3.650765 
58.904551 	 -3.639459 
58.922012 	 -3.625062 
59.183596 	 -3.608308 
59.205252 	 -3.604828 
59.247879 	 -3.601336 
59.274501 	 -3.596910 
59.329990 	 -3.587740 
59.502232 	 -3.569339 
59.661212 	 -3.554082 
59.746905 	 -3.547258 
59.781306 	 -3.541960 
59.829968 	 -3.533888 
59.933510 	 -3.526146 
59.958027 	 -3.510675 
60.126262 	 -3.486366 
60.344009 	 -3.470958 
60.400880 	 -3.463960 
60.513549 	 -3.456562 
60.570911 	 -3.453289 
60.644314 	 -3.448277 
60.694778 	 -3.443492 
60.752984 	 -3.437035 
60.944809 	 -3.425481 
60.967243 	 -3.422608 
61.000018 	 -3.409094 
61.178057 	 -3.395374 
61.224537 	 -3.392290 
61.232298 	 -3.387430 
61.286540 	 -3.382941 
61.301773 	 -3.377894 
61.338613 	 -3.371193 
61.386374 	 -3.365545 
61.423510 	 -3.355356 
61.506992 	 -3.333994 
61.713751 	 -3.321338 
61.729040 	 -3.314995 
61.797193 	 -3.307323 
61.859230 	 -3.300122 
61.939325 	 -3.292800 
62.033909 	 -3.275267 
62.292657 	 -3.261564 
62.295702 	 -3.260830 
62.331528 	 -3.255012 
62.454418 	 -3.246837 
62.491281 	 -3.236685 
62.748651 	 -3.216385 
62.895568 	 -3.208602 
62.904057 	 -3.207183 
62.924724 	 -3.179941 
63.336704 	 -3.155910 
63.379098 	 -3.152066 
63.406557 	 -3.148756 
63.431219 	 -3.138324 
63.528561 	 -3.121515 
63.681035 	 -3.112897 
63.693183 	 -3.107489 
63.736989 	 -3.103267 
63.759150 	 -3.095802 
63.817318 	 -3.080750 
63.914882 	 -3.047018 
64.121039 	 -3.034557 
64.142395 	 -3.024867 
64.221928 	 -3.020534 
64.226638 	 -3.019387 
64.235133 	 -3.011664 
64.293939 	 -2.994840 
64.423159 	 -2.987272 
64.439917 	 -2.985334 
64.450608 	 -2.976256 
64.519757 	 -2.947936 
64.699909 	 -2.917006 
64.883672 	 -2.908192 
64.887655 	 -2.903242 
64.926355 	 -2.892411 
65.010768 	 -2.881679 
65.086352 	 -2.869910 
65.164665 	 -2.847889 
65.366371 	 -2.834470 
65.409620 	 -2.824905 
65.493464 	 -2.818041 
65.535999 	 -2.803392 
65.746037 	 -2.791722 
65.781723 	 -2.781424 
65.926179 	 -2.765802 
66.051795 	 -2.756746 
66.114487 	 -2.731872 
66.408824 	 -2.711416 
66.501219 	 -2.706115 
66.521616 	 -2.703780 
66.538310 	 -2.698900 
66.578245 	 -2.692932 
66.626511 	 -2.687933 
66.667126 	 -2.685583 
66.678992 	 -2.673677 
66.831396 	 -2.643023 
67.104932 	 -2.630288 
67.123733 	 -2.619349 
67.209336 	 -2.609707 
67.269880 	 -2.602751 
67.308622 	 -2.600964 
67.311400 	 -2.589528 
67.438485 	 -2.580851 
67.489699 	 -2.578518 
67.496020 	 -2.577515 
67.506300 	 -2.548741 
67.825624 	 -2.535261 
67.845711 	 -2.524700 
67.956639 	 -2.516420 
68.013165 	 -2.509754 
68.065016 	 -2.505747 
68.093541 	 -2.500796 
68.137814 	 -2.480070 
68.398118 	 -2.462576 
68.489944 	 -2.455810 
68.537399 	 -2.444551 
68.646587 	 -2.435469 
68.697518 	 -2.425096 
68.771095 	 -2.416397 
68.831068 	 -2.400724 
68.947800 	 -2.395381 
68.960391 	 -2.391927 
68.995062 	 -2.387425 
69.040602 	 -2.384261 
69.068024 	 -2.379263 
69.123988 	 -2.376315 
69.141650 	 -2.362463 
69.446918 	 -2.348380 
69.511125 	 -2.343506 
69.573789 	 -2.341070 
69.579448 	 -2.337952 
69.620192 	 -2.317595 
69.840519 	 -2.306343 
69.895568 	 -2.293391 
70.025287 	 -2.274317 
70.173594 	 -2.250536 
70.340037 	 -2.243375 
70.354379 	 -2.242688 
70.356396 	 -2.233710 
70.426081 	 -2.218563 
70.539970 	 -2.213640 
70.553481 	 -2.210070 
70.590471 	 -2.208535 
70.594273 	 -2.207900 
70.600349 	 -2.201605 
70.661919 	 -2.196486 
70.699615 	 -2.174524 
70.909605 	 -2.160426 
70.977487 	 -2.153311 
71.028676 	 -2.150383 
71.040896 	 -2.139614 
71.122977 	 -2.123361 
71.221013 	 -2.112046 
71.287425 	 -2.102376 
71.342337 	 -2.096901 
71.372908 	 -2.084815 
71.472718 	 -2.064608 
71.610071 	 -2.053071 
71.664332 	 -2.151501 
71.922030 	 -2.140644 
71.944671 	 -2.135858 
71.977541 	 -2.128590 
72.022834 	 -2.259475 
72.066186 	 -2.395954 
72.071731 	 -2.370849 
72.235013 	 -2.347089 
72.367927 	 -2.338081 
72.405696 	 -2.316758 
72.551262 	 -2.303038 
72.624392 	 -2.285287 
72.764477 	 -2.274814 
72.813582 	 -2.271820 
72.824210 	 -2.257119 
72.940486 	 -2.243155 
73.034999 	 -2.237847 
73.054516 	 -2.227467 
73.143841 	 -2.224028 
73.149685 	 -2.214685 
73.233492 	 -2.186147 
73.445083 	 -2.173037 
73.495111 	 -2.298014 
73.559300 	 -2.291005 
73.596106 	 -2.424984 
73.601137 	 -2.557043 
73.623482 	 -2.691005 
73.629645 	 -2.689827 
73.635487 	 -2.687604 
73.648944 	 -2.685472 
73.661029 	 -2.683755 
73.671473 	 -2.674252 
73.755486 	 -2.653518 
73.900435 	 -2.634198 
74.030827 	 -2.604516 
74.295671 	 -2.576714 
74.467647 	 -2.569937 
74.474481 	 -2.565094 
74.517368 	 -2.562998 
74.523969 	 -2.562572 
74.526437 	 -2.561378 
74.538251 	 -2.557087 
74.574447 	 -2.546516 
74.651758 	 -2.528827 
74.764122 	 -2.493593 
75.025236 	 -2.481190 
75.053180 	 -2.595942 
75.173016 	 -2.589657 
75.189155 	 -2.711093 
75.264385 	 -2.832637 
75.318391 	 -2.961684 
75.328192 	 -3.082258 
75.391649 	 -3.062604 
75.490582 	 -3.190733 
75.492330 	 -3.171935 
75.601063 	 -3.165953 
75.610007 	 -3.277835 
75.726340 	 -3.271391 
75.735223 	 -3.270197 
75.740803 	 -3.264924 
75.778917 	 -3.394492 
75.784103 	 -3.381960 
75.877314 	 -3.361132 
76.017889 	 -3.342718 
76.133800 	 -3.337338 
76.136263 	 -3.330138 
76.203751 	 -3.322660 
76.253056 	 -3.317353 
76.283167 	 -3.306083 
76.367590 	 -3.281322 
76.528774 	 -3.271988 
76.549370 	 -3.264863 
76.609131 	 -3.258287 
76.643425 	 -3.255872 
76.650757 	 -3.379374 
76.697087 	 -3.503132 
76.726383 	 -3.500740 
76.733736 	 -3.627278 
76.755782 	 -3.621076 
76.791786 	 -3.608193 
76.877683 	 -3.589569 
77.002328 	 -3.582020 
77.015718 	 -3.697498 
77.111938 	 -3.806492 
77.215227 	 -3.922421 
77.265640 	 -3.917074 
77.283589 	 -4.037868 
77.329304 	 -3.996543 
77.580224 	 -3.983080 
77.584009 	 -3.976702 
77.631987 	 -4.097424 
77.671740 	 -4.084437 
77.756324 	 -4.075521 
77.794974 	 -4.059364 
77.904908 	 -4.049585 
77.939974 	 -4.030377 
78.109358 	 -4.020053 
78.123107 	 -4.011760 
78.197182 	 -4.005808 
78.215875 	 -3.977343 
78.484824 	 -3.946710 
78.675462 	 -3.932331 
78.722826 	 -3.927463 
78.744714 	 -3.919955 
78.807867 	 -3.881336 
79.118524 	 -3.858498 
79.178639 	 -3.851978 
79.210229 	 -3.847594 
79.238425 	 -3.840272 
79.290837 	 -3.827475 
79.392505 	 -3.821143 
79.408742 	 -3.788959 
79.720444 	 -3.769469 
79.773690 	 -3.760973 
79.833315 	 -3.757374 
79.842332 	 -3.751993 
79.908296 	 -3.747363 
79.932779 	 -3.741480 
80.027405 	 -3.734297 
80.071566 	 -3.725279 
80.164425 	 -3.718287 
80.195086 	 -3.714832 
80.215471 	 -3.708574 
80.276360 	 -3.702088 
80.325503 	 -3.696844 
80.359689 	 -3.694304 
80.369412 	 -3.692267 
80.383603 	 -3.690572 
80.394089 	 -3.687029 
80.429246 	 -3.684612 
80.437351 	 -3.678288 
80.490553 	 -3.673713 
80.507803 	 -3.670876 
80.526143 	 -3.651758 
80.710163 	 -3.636795 
80.786685 	 -3.623912 
80.913763 	 -3.615362 
80.960035 	 -3.611456 
80.997262 	 -3.609630 
81.001737 	 -3.598710 
81.218846 	 -3.587829 
81.239325 	 -3.568057 
81.494796 	 -3.550339 
81.601265 	 -3.545202 
81.608139 	 -3.542957 
81.639899 	 -3.539391 
81.669671 	 -3.518895 
81.893739 	 -3.505449 
81.932830 	 -3.488069 
82.075821 	 -3.472379 
82.174448 	 -3.448469 
82.406210 	 -3.432347 
82.494430 	 -3.419698 
82.600240 	 -3.415038 
82.603127 	 -3.414131 
82.612424 	 -3.411109 
82.648737 	 -3.404517 
82.732925 	 -3.387468 
82.920239 	 -3.365591 
83.088742 	 -3.356867 
83.115034 	 -3.354759 
83.127461 	 -3.353703 
83.133218 	 -3.350442 
83.169197 	 -3.348478 
83.174542 	 -3.347934 
83.177580 	 -3.344589 
83.204391 	 -3.330888 
83.321089 	 -3.322340 
83.361527 	 -3.304836 
83.550782 	 -3.289271 
83.663291 	 -3.284703 
83.665713 	 -3.279061 
83.781736 	 -3.274511 
83.781886 	 -3.257823 
84.014828 	 -3.240814 
84.148858 	 -3.231770 
84.203301 	 -3.222982 
84.316113 	 -3.216075 
84.352573 	 -3.206635 
84.449575 	 -3.202778 
84.452015 	 -3.191983 
84.581143 	 -3.186237 
84.590365 	 -3.185040 
84.600634 	 -3.171757 
84.782481 	 -3.161825 
84.835527 	 -3.157219 
84.872701 	 -3.149040 
84.988062 	 -3.132985 
85.238369 	 -3.122902 
85.263459 	 -3.113441 
85.445538 	 -3.089384 
85.743279 	 -3.072171 
85.882285 	 -3.066343 
85.906768 	 -3.065047 
85.915835 	 -3.060062 
86.049330 	 -3.054579 
86.065156 	 -3.050744 
86.121508 	 -3.047981 
86.138023 	 -3.045225 
86.175423 	 -3.042975 
86.195435 	 -3.028063 
86.603588 	 -3.012125 
86.675760 	 -3.008989 
86.730202 	 -2.998890 
87.086243 	 -2.982581 
87.203748 	 -2.966101 
87.475416 	 -2.955985 
87.491245 	 -2.948652 
87.590368 	 -2.941275 
87.640920 	 -2.935070 
87.706780 	 -2.925861 
87.829649 	 -2.920052 
87.867343 	 -2.908362 
88.050759 	 -2.901703 
88.063969 	 -2.897721 
88.126438 	 -2.890628 
88.200450 	 -2.886340 
88.223919 	 -2.880588 
88.297206 	 -2.872634 
88.395448 	 -2.865863 
88.474535 	 -2.850055 
88.708916 	 -2.839592 
88.773959 	 -2.833068 
88.852843 	 -2.814811 
89.085966 	 -2.804434 
89.124287 	 -2.796485 
89.199413 	 -2.791716 
89.230172 	 -2.787887 
89.272803 	 -2.784430 
89.299910 	 -2.782315 
89.318804 	 -2.778210 
89.381620 	 -2.774809 
89.403207 	 -2.768426 
89.476163 	 -2.765532 
89.483290 	 -2.759622 
89.556018 	 -2.751182 
89.625413 	 -2.748601 
89.631193 	 -2.731442 
89.821449 	 -2.724416 
89.837368 	 -2.723037 
89.850781 	 -2.721163 
89.869626 	 -2.717837 
89.910890 	 -2.708011 
90.065150 	 -2.703294 
90.066925 	 -2.701021 
90.106910 	 -2.696126 
90.190178 	 -2.681788 
90.403907 	 -2.667913 
90.574210 	 -2.659937 
90.627821 	 -2.650709 
90.743444 	 -2.632141 
91.019138 	 -2.617577 
91.119116 	 -2.605356 
91.240819 	 -2.594767 
91.321950 	 -2.590501 
91.347535 	 -2.589632 
91.349714 	 -2.582916 
91.471293 	 -2.575403 
91.533490 	 -2.553121 
91.801971 	 -2.540215 
91.885190 	 -2.536136 
91.917870 	 -2.533792 
91.939962 	 -2.529871 
92.000868 	 -2.519747 
92.195211 	 -2.507625 
92.320789 	 -2.501835 
92.375694 	 -2.498104 
92.444786 	 -2.492691 
92.526728 	 -2.487604 
92.615552 	 -2.478306 
92.935635 	 -2.464701 
93.092674 	 -2.460291 
93.098557 	 -2.453407 
93.307341 	 -2.443533 
93.511905 	 -2.437175 
93.606607 	 -2.434709 
93.803569 	 -2.428422 
93.913746 	 -2.425438 
93.920116 	 -2.422754 
94.156746 	 -2.411732 
94.388973 	 -2.404934 
94.416161 	 -2.397102 
94.753234 	 -2.386098 
94.831438 	 -2.383103 
94.855804 	 -2.381820 
94.868528 	 -2.381181 
94.873577 	 -2.375219 
94.952661 	 -2.370767 
94.982033 	 -2.367794 
95.005669 	 -2.362504 
95.050330 	 -2.359993 
95.065122 	 -2.357036 
95.089743 	 -2.460283 
95.101035 	 -2.545369 
95.257739 	 -2.538769 
95.278636 	 -2.536908 
95.291059 	 -2.532855 
95.330478 	 -2.531704 
95.331465 	 -2.530286 
95.346202 	 -2.529562 
95.349382 	 -2.527254 
95.372935 	 -2.508685 
95.586872 	 -2.502299 
95.595056 	 -2.489114 
95.719054 	 -2.575380 
95.849423 	 -2.667657 
95.917718 	 -2.647847 
96.073896 	 -2.627084 
96.232021 	 -2.717529 
96.312098 	 -2.714083 
96.323528 	 -2.702211 
96.447141 	 -2.691754 
96.514592 	 -2.786256 
96.578011 	 -2.782345 
96.598116 	 -2.774372 
96.677473 	 -2.770354 
96.694306 	 -2.814736 
97.209021 	 -2.798918 
97.217910 	 -2.791673 
97.293400 	 -2.780960 
97.397342 	 -2.774706 
97.443073 	 -2.771344 
97.468162 	 -2.755477 
97.679161 	 -2.747517 
97.703681 	 -2.739435 
97.783924 	 -2.734394 
97.818067 	 -2.732460 
97.831754 	 -2.730366 
97.852685 	 -2.724489 
97.926684 	 -2.722244 
97.929720 	 -2.722113 
97.930622 	 -2.719127 
98.003126 	 -2.714626 
98.051913 	 -2.712177 
98.069867 	 -2.711356 
98.076220 	 -2.702647 
98.215721 	 -2.698351 
98.224704 	 -2.694781 
98.279102 	 -2.690384 
98.336218 	 -2.688410 
98.346309 	 -2.687967 
98.351815 	 -2.686956 
98.372956 	 -2.686261 
98.375272 	 -2.682795 
98.431059 	 -2.674479 
98.564836 	 -2.669035 
98.609554 	 -2.663174 
98.701262 	 -2.657370 
98.783422 	 -2.649422 
98.896792 	 -2.634057 
99.099980 	 -2.625447 
99.163588 	 -2.623176 
99.173297 	 -2.612469 
99.321346 	 -2.600373 
99.457111 	 -2.595898 
99.470267 	 -2.579016 
99.675900 	 -2.571126 
99.704358 	 -2.569078 
99.717461 	 -2.562436 
99.787308 	 -2.550922 
99.908561 	 -2.546516 
99.923105 	 -2.545368 
99.930871 	 -2.537471 
100.016361 	 -2.534869 
100.020690 	 -2.625082 
100.108496 	 -2.610319 
100.233237 	 -2.605746 
100.247991 	 -2.604015 
100.264876 	 -2.602587 
100.279047 	 -2.601700 
100.285555 	 -2.589694 
100.417451 	 -2.562956 
100.710374 	 -2.545415 
100.855495 	 -2.530671 
101.041760 	 -2.524186 
101.078545 	 -2.515578 
101.208078 	 -2.509980 
101.242465 	 -2.490163 
101.562465 	 -2.469130 
101.753794 	 -2.458163 
101.861056 	 -2.453838 
101.896427 	 -2.450310 
101.964607 	 -2.442146 
102.097683 	 -2.437800 
102.127351 	 -2.431972 
102.231928 	 -2.414626 
102.485092 	 -2.404196 
102.550476 	 -2.401574 
102.569081 	 -2.399235 
102.596978 	 -2.390648 
102.698731 	 -2.387558 
102.709316 	 -2.375967 
102.903515 	 -2.364055 
103.012721 	 -2.353075 
103.158205 	 -2.343400 
103.289351 	 -2.337151 
103.373865 	 -2.332872 
103.455485 	 -2.323220 
103.657509 	 -2.311368 
103.809354 	 -2.303775 
103.882228 	 -2.297377 
103.953194 	 -2.280066 
104.225954 	 -2.271778 
104.260513 	 -2.268399 
104.294725 	 -2.267493 
104.296607 	 -2.262335 
104.363324 	 -2.259730 
104.380595 	 -2.257587 
104.411372 	 -2.246543 
104.566176 	 -2.238396 
104.650187 	 -2.221353 
104.878121 	 -2.211389 
104.945462 	 -2.209132 
104.958017 	 -2.208736 
104.959755 	 -2.198310 
105.115537 	 -2.193962 
105.134628 	 -2.193503 
105.135899 	 -2.189158 
105.249411 	 -2.180746 
105.376789 	 -2.174090 
105.482670 	 -2.171618 
105.488788 	 -2.171061 
105.500173 	 -2.169099 
105.560921 	 -2.166002 
105.658489 	 -2.156951 
105.906808 	 -2.142701 
106.150204 	 -2.134360 
106.222987 	 -2.132247 
106.240263 	 -2.131171 
106.255748 	 -2.130568 
106.263519 	 -2.128678 
106.300371 	 -2.125850 
106.337408 	 -2.123377 
106.374253 	 -2.122207 
106.385801 	 -2.105568 
106.734928 	 -2.095830 
106.785636 	 -2.094189 
106.799438 	 -2.089179 
106.925985 	 -2.079250 
107.191728 	 -2.072040 
107.246823 	 -2.070746 
107.255004 	 -2.069905 
107.273319 	 -2.069422 
107.277979 	 -2.067189 
107.335438 	 -2.058769 
107.597120 	 -2.049920 
107.700444 	 -2.047263 
107.715321 	 -2.043964 
107.769473 	 -2.041559 
107.799174 	 -2.038309 
107.847456 	 -2.036706 
107.862347 	 -2.036401 
107.862993 	 -2.034859 
107.917984 	 -2.029297 
108.040074 	 -2.024050 
108.146457 	 -2.018134 
108.252573 	 -2.015510 
108.275867 	 -2.014936 
108.279665 	 -2.007211 
108.445439 	 -1.988560 
108.867914 	 -1.977989 
108.971486 	 -1.968707 
109.173141 	 -1.960213 
109.349897 	 -1.953573 
109.539726 	 -1.949890 
109.572213 	 -1.946228 
109.741190 	 -1.941897 
109.789993 	 -1.933387 
109.999878 	 -1.928594 
110.040375 	 -1.922515 
110.335777 	 -1.913911 
110.462911 	 -1.911417 
110.479000 	 -1.906661 
110.643883 	 -1.903179 
110.661610 	 -1.901371 
110.717060 	 -1.895204 
110.861400 	 -1.883320 
111.070179 	 -1.878778 
111.088733 	 -1.872317 
111.186285 	 -1.869642 
111.205418 	 -1.867532 
111.233834 	 -1.862343 
111.299342 	 -1.852874 
111.432468 	 -1.847427 
111.492530 	 -1.840861 
111.616731 	 -1.834288 
111.700905 	 -1.825916 
111.857053 	 -1.818147 
111.954369 	 -1.813010 
112.034013 	 -1.811211 
112.043534 	 -1.810904 
112.046965 	 -1.791011 
112.417434 	 -1.784685 
112.426944 	 -1.782251 
112.491137 	 -1.781228 
112.491270 	 -1.778948 
112.533975 	 -1.773424 
112.611928 	 -1.772073 
112.613659 	 -1.769296 
112.657896 	 -1.765982 
112.694778 	 -1.760354 
112.776084 	 -1.752604 
112.867449 	 -1.750042 
112.885884 	 -1.743448 
112.974896 	 -1.738477 
113.020051 	 -1.731768 
113.105019 	 -1.724134 
113.207348 	 -1.720656 
113.234506 	 -1.718153 
113.268326 	 -1.715997 
113.291595 	 -1.715597 
113.292353 	 -1.713163 
113.326664 	 -1.707522 
113.409598 	 -1.704225 
113.438634 	 -1.698723 
113.502475 	 -1.693344 
113.565235 	 -1.683666 
113.707074 	 -1.680753 
113.722481 	 -1.673143 
113.890380 	 -1.668294 
113.958223 	 -1.667179 
113.960987 	 -1.665653 
113.989199 	 -1.662227 
114.057916 	 -1.656041 
114.156479 	 -1.654113 
114.167839 	 -1.649879 
114.284009 	 -1.647177 
114.307429 	 -1.642301 
114.393891 	 -1.626023 
114.639627 	 -1.622447 
114.640920 	 -1.615323 
114.757295 	 -1.610462 
114.803517 	 -1.603853 
114.879555 	 -1.599811 
114.913793 	 -1.683285 
114.945880 	 -1.767632 
114.966764 	 -1.763595 
115.005602 	 -1.762622 
115.009941 	 -1.758732 
115.058795 	 -1.752594 
115.120836 	 -1.731720 
115.375759 	 -1.724010 
115.431766 	 -1.722968 
115.435152 	 -1.715563 
115.576640 	 -1.709221 
115.646678 	 -1.706342 
115.673332 	 -1.703954 
115.698978 	 -1.697472 
115.787262 	 -1.692219 
115.852738 	 -1.690338 
115.870585 	 -1.684420 
116.001693 	 -1.678623 
116.114617 	 -1.674123 
116.181199 	 -1.672150 
116.200824 	 -1.668562 
116.255699 	 -1.656295 
116.478125 	 -1.653080 
116.479334 	 -1.652710 
116.486187 	 -1.647160 
116.576924 	 -1.638765 
116.715138 	 -1.636318 
116.723576 	 -1.627358 
116.895576 	 -1.620192 
117.007129 	 -1.617325 
117.045821 	 -1.616116 
117.061611 	 -1.613529 
117.107820 	 -1.609988 
117.156408 	 -1.608533 
117.171789 	 -1.600882 
117.346143 	 -1.591208 
117.488811 	 -1.578709 
117.666163 	 -1.576046 
117.671737 	 -1.573007 
117.741501 	 -1.566362 
117.909667 	 -1.562140 
117.956545 	 -1.551467 
118.154163 	 -1.544809 
118.250172 	 -1.513427 
118.843949 	 -1.498289 
119.024016 	 -1.484148 
119.259579 	 -1.475850 
119.387579 	 -1.473002 
119.412771 	 -1.469348 
119.469789 	 -1.464852 
119.526459 	 -1.460351 
119.577020 	 -1.456088 
119.631503 	 -1.454937 
119.639843 	 -1.450661 
119.702270 	 -1.449820 
119.703724 	 -1.448123 
119.728842 	 -1.439295 
119.842245 	 -1.433257 
119.898290 	 -1.515536 
119.903248 	 -1.514513 
119.914766 	 -1.513618 
119.924744 	 -1.511768 
119.950599 	 -1.509108 
119.990581 	 -1.508591 
119.990878 	 -1.504378 
120.091885 	 -1.503113 
120.091889 	 -1.501873 
120.121656 	 -1.497144 
120.208883 	 -1.488279 
120.395900 	 -1.483593 
120.467364 	 -1.474637 
120.791653 	 -1.469368 
120.831211 	 -1.467217 
120.871555 	 -1.460842 
121.049414 	 -1.455631 
121.173046 	 -1.451018 
121.362569 	 -1.444261 
121.544244 	 -1.440457 
121.644251 	 -1.439208 
121.646870 	 -1.433605 
121.816318 	 -1.427535 
121.981842 	 -1.425542 
121.985226 	 -1.421261 
122.157691 	 -1.415218 
122.404242 	 -1.410231 
122.491400 	 -1.407588 
122.541606 	 -1.403137 
122.636564 	 -1.400976 
122.669526 	 -1.399565 
122.694884 	 -1.391350 
122.856966 	 -1.386449 
122.932292 	 -1.383356 
122.978262 	 -1.368684 
123.326416 	 -1.361067 
123.403545 	 -1.360106 
123.405491 	 -1.359405 
123.419479 	 -1.354938 
123.495522 	 -1.344071 
123.702005 	 -1.340230 
123.741526 	 -1.337174 
123.795733 	 -1.336000 
123.810304 	 -1.332889 
123.901730 	 -1.329502 
123.961281 	 -1.327960 
123.979958 	 -1.321856 
124.084513 	 -1.319791 
124.104189 	 -1.319276 
124.109607 	 -1.316434 
124.167208 	 -1.313478 
124.225438 	 -1.309144 
124.340929 	 -1.306777 
124.388654 	 -1.304533 
124.442819 	 -1.298580 
124.576849 	 -1.295814 
124.605283 	 -1.289289 
124.760521 	 -1.286365 
124.801688 	 -1.279730 
125.060028 	 -1.272393 
125.206794 	 -1.267599 
125.289483 	 -1.265404 
125.317849 	 -1.261511 
125.382420 	 -1.260375 
125.392578 	 -1.258250 
125.428814 	 -1.256372 
125.452563 	 -1.248072 
125.597044 	 -1.246187 
125.606455 	 -1.243223 
125.657960 	 -1.239055 
125.715425 	 -1.237866 
125.726602 	 -1.237485 
125.732291 	 -1.235524 
125.766505 	 -1.229975 
125.875771 	 -1.223201 
125.978390 	 -1.206361 
126.227885 	 -1.202287 
126.251571 	 -1.197642 
126.321326 	 -1.187069 
126.500186 	 -1.185173 
126.503622 	 -1.180933 
126.579678 	 -1.179820 
126.586051 	 -1.176390 
126.647012 	 -1.171934 
126.708594 	 -1.165660 
126.811840 	 -1.161023 
126.889784 	 -1.155788 
126.971756 	 -1.152511 
127.025315 	 -1.148408 
127.117213 	 -1.146921 
127.131124 	 -1.141610 
127.262966 	 -1.138499 
127.324335 	 -1.137258 
127.353718 	 -1.136564 
127.367442 	 -1.134237 
127.423612 	 -1.115679 
127.807106 	 -1.106822 
127.947940 	 -1.102321 
128.052940 	 -1.100343 
128.080453 	 -1.099982 
128.084433 	 -1.090440 
128.328006 	 -1.087164 
128.353801 	 -1.083421 
128.418431 	 -1.079983 
128.464862 	 -1.068920 
128.660723 	 -1.066530 
128.677082 	 -1.061705 
128.763285 	 -1.046456 
128.997284 	 -1.044105 
129.005622 	 -1.042247 
129.034501 	 -1.040628 
129.054373 	 -1.038147 
129.091799 	 -1.036908 
129.105256 	 -1.033223 
129.151441 	 -1.032041 
129.163092 	 -1.025573 
129.266023 	 -1.020247 
129.349294 	 -1.014145 
129.437330 	 -1.008542 
129.507995 	 -1.000522 
129.628925 	 -0.995172 
129.710704 	 -0.989785 
129.813598 	 -0.984212 
129.937934 	 -0.982452 
129.964520 	 -0.978517 
130.061558 	 -0.976128 
130.097520 	 -0.975399 
130.109480 	 -0.972802 
130.191027 	 -0.970972 
130.243987 	 -0.966582 
130.504224 	 -0.962370 
130.603590 	 -0.961513 
130.611753 	 -0.960627 
130.719586 	 -0.959701 
130.728325 	 -0.957265 
130.831668 	 -0.956110 
130.857736 	 -0.953929 
130.944586 	 -0.952151 
131.019584 	 -0.942903 
131.399668 	 -0.939705 
131.430588 	 -0.936841 
131.546343 	 -0.935170 
131.602065 	 -0.929928 
131.814635 	 -0.923675 
132.127933 	 -0.920869 
132.209274 	 -0.918412 
132.334241 	 -0.917144 
132.351906 	 -0.915252 
132.469059 	 -0.910746 
132.632256 	 -0.903543 
132.833948 	 -0.898858 
132.980648 	 -0.894830 
133.081596 	 -0.892269 
133.131690 	 -0.886320 
133.318501 	 -0.881684 
133.469339 	 -0.880193 
133.502385 	 -0.877497 
133.612641 	 -0.874690 
133.751804 	 -0.869793 
133.929571 	 -0.868008 
133.950659 	 -0.865859 
134.040507 	 -0.863172 
134.181702 	 -0.857172 
134.409463 	 -0.855018 
134.456581 	 -0.846998 
134.802588 	 -0.844698 
134.806852 	 -0.843220 
134.845968 	 -0.841285 
134.883956 	 -0.837655 
134.975508 	 -0.829279 
135.238962 	 -0.825815 
135.288975 	 -0.823276 
135.339324 	 -0.822865 
135.341361 	 -0.814210 
135.487574 	 -0.812882 
135.496273 	 -0.806989 
135.595190 	 -0.806067 
135.600207 	 -0.788065 
135.843920 	 -0.855180 
135.906715 	 -0.923810 
135.958297 	 -0.917033 
136.037732 	 -0.979815 
136.153266 	 -0.964658 
136.330587 	 -0.961728 
136.353420 	 -0.956809 
136.425503 	 -0.955379 
136.441274 	 -0.946060 
136.620753 	 -0.941315 
136.680562 	 -0.940278 
136.692781 	 -0.936553 
136.754985 	 -0.932062 
136.834400 	 -0.926528 
136.948280 	 -0.922817 
137.028823 	 -0.919714 
137.116544 	 -0.915961 
137.203311 	 -0.908847 
137.352750 	 -0.905545 
137.416292 	 -0.895972 
137.625941 	 -0.889025 
137.779595 	 -0.883469 
137.884404 	 -0.881138 
137.917097 	 -0.880036 
137.937628 	 -0.877574 
138.001934 	 -0.870385 
138.157886 	 -0.860574 
138.401827 	 -0.857597 
138.452339 	 -0.852572 
138.582821 	 -0.851567 
138.587496 	 -0.850697 
138.610824 	 -0.850409 
138.614154 	 -0.844437 
138.732012 	 -0.840150 
138.814549 	 -0.833483 
138.985778 	 -0.831422 
139.009735 	 -0.827887 
139.077095 	 -0.825629 
139.109382 	 -0.820568 
139.184632 	 -0.818269 
139.216911 	 -0.817676 
139.224949 	 -0.817105 
139.237104 	 -0.808455 
139.407732 	 -0.804727 
139.455449 	 -0.797294 
139.598046 	 -0.794658 
139.640442 	 -0.790104 
139.726477 	 -0.782713 
139.847057 	 -0.781488 
139.858060 	 -0.779323 
139.907075 	 -0.778166 
139.924749 	 -0.776564 
139.951058 	 -0.772954 
140.020299 	 -0.771188 
140.044522 	 -0.770958 
140.046460 	 -0.769973 
140.069193 	 -0.766404 
140.165695 	 -0.762539 
140.282616 	 -0.760607 
140.343231 	 -0.759646 
140.365433 	 -0.755402 
140.481218 	 -0.748747 
140.693078 	 -0.746146 
140.762173 	 -0.743443 
140.844391 	 -0.742733 
140.852171 	 -0.742536 
140.857663 	 -0.740578 
140.948233 	 -0.734159 
141.157652 	 -0.732439 
141.175456 	 -0.731463 
141.206649 	 -0.729971 
141.269291 	 -0.729443 
141.276499 	 -0.723533 
141.442443 	 -0.721182 
141.477837 	 -0.720715 
141.483642 	 -0.717080 
141.547400 	 -0.711027 
141.637517 	 -0.702004 
141.758912 	 -0.695348 
141.854272 	 -0.694583 
141.858504 	 -0.693623 
141.873305 	 -0.691984 
141.895535 	 -0.752505 
142.022528 	 -0.821330 
142.033340 	 -0.819286 
142.058921 	 -0.818332 
142.070384 	 -0.883393 
142.138318 	 -0.878923 
142.195858 	 -0.942977 
142.272339 	 -1.005288 
142.360890 	 -1.004122 
142.367898 	 -1.002136 
142.395458 	 -0.998182 
142.454948 	 -0.996139 
142.483914 	 -0.988265 
142.640057 	 -0.968191 
143.091580 	 -0.957861 
143.240282 	 -0.956746 
143.242442 	 -0.955692 
143.263720 	 -0.953629 
143.298122 	 -0.950930 
143.337448 	 -0.950279 
143.343039 	 -1.016918 
143.383261 	 -1.014927 
143.407719 	 -1.074861 
143.533190 	 -1.069364 
143.598598 	 -1.137052 
143.617705 	 -1.133578 
143.665436 	 -1.199006 
143.715076 	 -1.263365 
143.772672 	 -1.259911 
143.811205 	 -1.328760 
143.815383 	 -1.327595 
143.830111 	 -1.323189 
143.891537 	 -1.388193 
143.942914 	 -1.379690 
144.058167 	 -1.441415 
144.144448 	 -1.437371 
144.190296 	 -1.502360 
144.241513 	 -1.496968 
144.311597 	 -1.564894 
144.320008 	 -1.564123 
144.329816 	 -1.563419 
144.339407 	 -1.562108 
144.356832 	 -1.545222 
144.624642 	 -1.538305 
144.697974 	 -1.528836 
144.877594 	 -1.516869 
145.120763 	 -1.511807 
145.193929 	 -1.505626 
145.390651 	 -1.502678 
145.434781 	 -1.501884 
145.459314 	 -1.501370 
145.471983 	 -1.499074 
145.550719 	 -1.496620 
145.598551 	 -1.493294 
145.701723 	 -1.490775 
145.772683 	 -1.488013 
145.921170 	 -1.483021 
146.090308 	 -1.473188 
146.386713 	 -1.468581 
146.434267 	 -1.467936 
146.440435 	 -1.461051 
146.640257 	 -1.456140 
146.711621 	 -1.443342 
147.066362 	 -1.439553 
147.073898 	 -1.437946 
147.106120 	 -1.436136 
147.142775 	 -1.428463 
147.296549 	 -1.424823 
147.336104 	 -1.423005 
147.359614 	 -1.422013 
147.370881 	 -1.489705 
147.371625 	 -1.486043 
147.425472 	 -1.552963 
147.430408 	 -1.620127 
147.437938 	 -1.618473 
147.459003 	 -1.615268 
147.502848 	 -1.671327 
147.653783 	 -1.669148 
147.660728 	 -1.736463 
147.665152 	 -1.734361 
147.695431 	 -1.731075 
147.743515 	 -1.730092 
147.751265 	 -1.720468 
147.952486 	 -1.717039 
147.979349 	 -1.700035 
148.473353 	 -1.694308 
148.475112 	 -1.692779 
148.507109 	 -1.692129 
148.514171 	 -1.688827 
148.582524 	 -1.685001 
148.639158 	 -1.676217 
148.812045 	 -1.671445 
148.882090 	 -1.668264 
148.953398 	 -1.654098 
149.285260 	 -1.650252 
149.288855 	 -1.641289 
149.510877 	 -1.638564 
149.519486 	 -1.635245 
149.599841 	 -1.632890 
149.631405 	 -1.626240 
149.749347 	 -1.624002 
149.765262 	 -1.621219 
149.814139 	 -1.611838 
149.961494 	 -1.610202 
149.962470 	 -1.608302 
149.993946 	 -1.600642 
150.131239 	 -1.594601 
150.207601 	 -1.578177 
150.500747 	 -1.570519 
150.599310 	 -1.567706 
150.644105 	 -1.567051 
150.648188 	 -1.566121 
150.664901 	 -1.565807 
150.667913 	 -1.563146 
150.733954 	 -1.557163 
150.893654 	 -1.554654 
150.926164 	 -1.551611 
151.062397 	 -1.542744 
151.344402 	 -1.539041 
151.369488 	 -1.535890 
151.479083 	 -1.531396 
151.649876 	 -1.528617 
151.689847 	 -1.527719 
151.704857 	 -1.525033 
151.800998 	 -1.523217 
151.844028 	 -1.521938 
151.908332 	 -1.519780 
152.138318 	 -1.516231 
152.233569 	 -1.515143 
152.240610 	 -1.509720 
152.444351 	 -1.500859 
152.792074 	 -1.491487 
153.247144 	 -1.484472 
153.379233 	 -1.483116 
153.382208 	 -1.481410 
153.433649 	 -1.480871 
153.435279 	 -1.479798 
153.489360 	 -1.477565 
153.555051 	 -1.475004 
153.653756 	 -1.473312 
153.682357 	 -1.472182 
153.726189 	 -1.470836 
153.797406 	 -1.469098 
153.960016 	 -1.467546 
154.126019 	 -1.464726 
154.317021 	 -1.462698 
154.333598 	 -1.462319 
154.345035 	 -1.461023 
154.436674 	 -1.456001 
154.650556 	 -1.451128 
154.761132 	 -1.443221 
155.115520 	 -1.438380 
155.175408 	 -1.434449 
155.280163 	 -1.430407 
155.399527 	 -1.427941 
155.442020 	 -1.427370 
155.449036 	 -1.427144 
155.454056 	 -1.426166 
155.478188 	 -1.425831 
155.481721 	 -1.424565 
155.529682 	 -1.423723 
155.542224 	 -1.422339 
155.591550 	 -1.418965 
155.743192 	 -1.416641 
155.779848 	 -1.415553 
155.803374 	 -1.401402 
156.346237 	 -1.396093 
156.360087 	 -1.395173 
156.380856 	 -1.394975 
156.381247 	 -1.389847 
156.581582 	 -1.378106 
156.893588 	 -1.375042 
156.906260 	 -1.369074 
157.090072 	 -1.366665 
157.121750 	 -1.364003 
157.246765 	 -1.361997 
157.319177 	 -1.360951 
157.341176 	 -1.349279 
157.792824 	 -1.343514 
157.892907 	 -1.340941 
157.960854 	 -1.338292 
158.069964 	 -1.335147 
158.157746 	 -1.334114 
158.166975 	 -1.332702 
158.202144 	 -1.329523 
158.267291 	 -1.326368 
158.318888 	 -1.321292 
158.423897 	 -1.319074 
158.450487 	 -1.317937 
158.471221 	 -1.314328 
158.539296 	 -1.310019 
158.624090 	 -1.308696 
158.636443 	 -1.307425 
158.657049 	 -1.305416 
158.686224 	 -1.366012 
158.717704 	 -1.428516 
158.720737 	 -1.487217 
158.772937 	 -1.548355 
158.788319 	 -1.610046 
158.800347 	 -1.607610 
158.826596 	 -1.588294 
159.059333 	 -1.574196 
159.215408 	 -1.566889 
159.298829 	 -1.561372 
159.373647 	 -1.619742 
159.426423 	 -1.618792 
159.433014 	 -1.617603 
159.452898 	 -1.616996 
159.460969 	 -1.615700 
159.488629 	 -1.608421 
159.674682 	 -1.605969 
159.687855 	 -1.592931 
159.945455 	 -1.589996 
159.953899 	 -1.588047 
159.991185 	 -1.587326 
159.997424 	 -1.582998 
160.082743 	 -1.581306 
160.102154 	 -1.575408 
160.216346 	 -1.567212 
160.378235 	 -1.564365 
160.403600 	 -1.562285 
160.436261 	 -1.559738 
160.472024 	 -1.554202 
160.564534 	 -1.549415 
160.642632 	 -1.542469 
160.784767 	 -1.536614 
160.905122 	 -1.530609 
161.061387 	 -1.526316 
161.136758 	 -1.524461 
161.163023 	 -1.522818 
161.191117 	 -1.522152 
161.198285 	 -1.521561 
161.208826 	 -1.516419 
161.324971 	 -1.514241 
161.354173 	 -1.510941 
161.423925 	 -1.509395 
161.447934 	 -1.503577 
161.628566 	 -1.501521 
161.638691 	 -1.500925 
161.650276 	 -1.499863 
161.675997 	 -1.499567 
161.677828 	 -1.498777 
161.698656 	 -1.496307 
161.772294 	 -1.493071 
161.875650 	 -1.492037 
161.878245 	 -1.491367 
161.904417 	 -1.489101 
162.013704 	 -1.486645 
162.131261 	 -1.483094 
162.264911 	 -1.480926 
162.303308 	 -1.478360 
162.423168 	 -1.474064 
162.553301 	 -1.470420 
162.686807 	 -1.463173 
162.932484 	 -1.459760 
162.971819 	 -1.453080 
163.229616 	 -1.449966 
163.256348 	 -1.448022 
163.302796 	 -1.426834 
163.787467 	 -1.422220 
163.795506 	 -1.422144 
163.795644 	 -1.417568 
163.889308 	 -1.416582 
163.893425 	 -1.413606 
163.973738 	 -1.410069 
164.067024 	 -1.407708 
164.109682 	 -1.397153 
164.348539 	 -1.390436 
164.444821 	 -1.386123 
164.527026 	 -1.383828 
164.559984 	 -1.380855 
164.609274 	 -1.363897 
164.881605 	 -1.360083 
164.910209 	 -1.359407 
164.919289 	 -1.357049 
164.961121 	 -1.354278 
165.011153 	 -1.336807 
165.413324 	 -1.332794 
165.429104 	 -1.328367 
165.530711 	 -1.320536 
165.724275 	 -1.311242 
165.907799 	 -1.303664 
166.077226 	 -1.294750 
166.257165 	 -1.293019 
166.266290 	 -1.291017 
166.312159 	 -1.287308 
166.405097 	 -1.281445 
166.527376 	 -1.277195 
166.596261 	 -1.274686 
166.632920 	 -1.274335 
166.634101 	 -1.271741 
166.681961 	 -1.267091 
166.771233 	 -1.266382 
166.771966 	 -1.265896 
166.781988 	 -1.257301 
166.939849 	 -1.255319 
166.953094 	 -1.306445 
167.084708 	 -1.301306 
167.153374 	 -1.297527 
167.213628 	 -1.294655 
167.253831 	 -1.293942 
167.261304 	 -1.291059 
167.320371 	 -1.288293 
167.375603 	 -1.287649 
167.380176 	 -1.286078 
167.416906 	 -1.277013 
167.600707 	 -1.269890 
167.737714 	 -1.262283 
167.875467 	 -1.261067 
167.879785 	 -1.256635 
168.002884 	 -1.255257 
168.018261 	 -1.254207 
168.057522 	 -1.251980 
168.165861 	 -1.247022 
168.340399 	 -1.242961 
168.495707 	 -1.240952 
168.568488 	 -1.239291 
168.631674 	 -1.235970 
168.752136 	 -1.234049 
168.787196 	 -1.232501 
168.841678 	 -1.229209 
168.939405 	 -1.226201 
169.036413 	 -1.222083 
169.151846 	 -1.220353 
169.177102 	 -1.218412 
169.219627 	 -1.211747 
169.398969 	 -1.208726 
169.457845 	 -1.206328 
169.541629 	 -1.198385 
169.790776 	 -1.194855 
169.865971 	 -1.194233 
169.869132 	 -1.185574 
170.113639 	 -1.182430 
170.148629 	 -1.178144 
170.234629 	 -1.177127 
170.244885 	 -1.169070 
170.471478 	 -1.161845 
170.609593 	 -1.158627 
170.674347 	 -1.155737 
170.757986 	 -1.154290 
170.795593 	 -1.149840 
170.938898 	 -1.145797 
171.026638 	 -1.139236 
171.172583 	 -1.137644 
171.185856 	 -1.136122 
171.213120 	 -1.133015 
171.275741 	 -1.129938 
171.340901 	 -1.128403 
171.364585 	 -1.125770 
171.411731 	 -1.123516 
171.445066 	 -1.176414 
171.526293 	 -1.171686 
171.597834 	 -1.170701 
171.607291 	 -1.168904 
171.644470 	 -1.166262 
171.690020 	 -1.165055 
171.709279 	 -1.161575 
171.791444 	 -1.157663 
171.863519 	 -1.155646 
171.901128 	 -1.154326 
171.931706 	 -1.149572 
172.043422 	 -1.144682 
172.132519 	 -1.134742 
172.311300 	 -1.133300 
172.316998 	 -1.132136 
172.344742 	 -1.131758 
172.350354 	 -1.131136 
172.364779 	 -1.131017 
172.365466 	 -1.127694 
172.447179 	 -1.126926 
172.453904 	 -1.123304 
172.577322 	 -1.119200 
172.719720 	 -1.113114 
173.016985 	 -1.109441 
173.093117 	 -1.108166 
173.120384 	 -1.107291 
173.140569 	 -1.106830 
173.148788 	 -1.105518 
173.176044 	 -1.103039 
173.233066 	 -1.098697 
173.347957 	 -1.097600 
173.360750 	 -1.097436 
173.363151 	 -1.096802 
173.378464 	 -1.094075 
173.454473 	 -1.091994 
173.510029 	 -1.090013 
173.580789 	 -1.088504 
173.642397 	 -1.086446 
173.714980 	 -1.084517 
173.766209 	 -1.083808 
173.777482 	 -1.078469 
173.908288 	 -1.076211 
173.939735 	 -1.073744 
173.983654 	 -1.070996 
174.026751 	 -1.121148 
174.138215 	 -1.175180 
174.177037 	 -1.218916 
174.356783 	 -1.216965 
174.366870 	 -1.214037 
174.412164 	 -1.205559 
174.554536 	 -1.203028 
174.584560 	 -1.190904 
174.844611 	 -1.175132 
175.116610 	 -1.169057 
175.191035 	 -1.220321 
175.275767 	 -1.219208 
175.284930 	 -1.275841 
175.290552 	 -1.328165 
175.358967 	 -1.325782 
175.388689 	 -1.381394 
175.405941 	 -1.371626 
175.559527 	 -1.362400 
175.700436 	 -1.413623 
175.773897 	 -1.449805 
176.068597 	 -1.446274 
176.086269 	 -1.445861 
176.090981 	 -1.441957 
176.166608 	 -1.436282 
176.255671 	 -1.434143 
176.283359 	 -1.429062 
176.390364 	 -1.426210 
176.429264 	 -1.423546 
176.481066 	 -1.421881 
176.512523 	 -1.417491 
176.634200 	 -1.413414 
176.743745 	 -1.406515 
177.009880 	 -1.403801 
177.031093 	 -1.402623 
177.075787 	 -1.399449 
177.242251 	 -1.397314 
177.314980 	 -1.395558 
177.384907 	 -1.392654 
177.593621 	 -1.388918 
177.717934 	 -1.386738 
177.771608 	 -1.385535 
177.799504 	 -1.380240 
177.949961 	 -1.378514 
177.969857 	 -1.378348 
177.970194 	 -1.374255 
178.115819 	 -1.372650 
178.130091 	 -1.367717 
178.301916 	 -1.364342 
178.393630 	 -1.363250 
178.407558 	 -1.362519 
178.426126 	 -1.360027 
178.510006 	 -1.358302 
178.542299 	 -1.356017 
178.615133 	 -1.353443 
178.705355 	 -1.351421 
178.753225 	 -1.349857 
178.806939 	 -1.349074 
178.829430 	 -1.348886 
178.830268 	 -1.345933 
178.935640 	 -1.337509 
179.163246 	 -1.328887 
179.340426 	 -1.319734 
179.516179 	 -1.318092 
179.523153 	 -1.310512 
179.692106 	 -1.308315 
179.711371 	 -1.302886 
179.830187 	 -1.297964 
179.934516 	 -1.295673 
179.969113 	 -1.292611 
180.041434 	 -1.289242 
180.126935 	 -1.286094 
180.192204 	 -1.283582 
180.253665 	 -1.279225 
180.394925 	 -1.274067 
180.519913 	 -1.266890 
180.747160 	 -1.263120 
180.812740 	 -1.262492 
180.817130 	 -1.260440 
180.878072 	 -1.259488 
180.897138 	 -1.256490 
180.983508 	 -1.254754 
181.024639 	 -1.250281 
181.151016 	 -1.247160 
181.209201 	 -1.244433 
181.279471 	 -1.242482 
181.332712 	 -1.234615 
181.672792 	 -1.230850 
181.725632 	 -1.224093 
181.919431 	 -1.216574 
182.145577 	 -1.209515 
182.314011 	 -1.207434 
182.349132 	 -1.206083 
182.383141 	 -1.204028 
182.430813 	 -1.202096 
182.467699 	 -1.192070 
182.722724 	 -1.190306 
182.724997 	 -1.186840 
182.795062 	 -1.184476 
182.838701 	 -1.177311 
183.018469 	 -1.173734 
183.073828 	 -1.170904 
183.138572 	 -1.170318 
183.142500 	 -1.170203 
183.144336 	 -1.169402 
183.158788 	 -1.219204 
183.237101 	 -1.210199 
183.392559 	 -1.260626 
183.443830 	 -1.311120 
183.499875 	 -1.360169 
183.571109 	 -1.356344 
183.621553 	 -1.355025 
183.637342 	 -1.353180 
183.669076 	 -1.348550 
183.758806 	 -1.345744 
183.808124 	 -1.344752 
183.821011 	 -1.343758 
183.841698 	 -1.339605 
183.923437 	 -1.335384 
184.006789 	 -1.333506 
184.040246 	 -1.330944 
184.111404 	 -1.329024 
184.163155 	 -1.327698 
184.192399 	 -1.327315 
184.198728 	 -1.327173 
184.203200 	 -1.320729 
184.596886 	 -1.316886 
184.644253 	 -1.314470 
184.720987 	 -1.313489 
184.741053 	 -1.312570 
184.788850 	 -1.310753 
184.925418 	 -1.309428 
184.991465 	 -1.308819 
185.004535 	 -1.305756 
185.187713 	 -1.301278 
185.335243 	 -1.298856 
185.386611 	 -1.296879 
185.461550 	 -1.292531 
185.603414 	 -1.277833 
186.027502 	 -1.271984 
186.136751 	 -1.267811 
186.243053 	 -1.266135 
186.278528 	 -1.258175 
186.637961 	 -1.254868 
186.670961 	 -1.254211 
186.691301 	 -1.250755 
186.815235 	 -1.248527 
186.880522 	 -1.243124 
187.189914 	 -1.239434 
187.343000 	 -1.238191 
187.386029 	 -1.237907 
187.820437 	 -1.234535 
187.916037 	 -1.233441 
187.959802 	 -1.231726 
188.049299 	 -1.230456 
188.113587 	 -1.228158 
188.231315 	 -1.227260 
188.237396 	 -1.226963 
188.253544 	 -1.226851 
188.253885 	 -1.223628 
188.455952 	 -1.216093 
188.749152 	 -1.211126 
188.865343 	 -1.210052 
188.880878 	 -1.206217 
189.116073 	 -1.200677 
189.307064 	 -1.196176 
189.431628 	 -1.194064 
189.494387 	 -1.193266 
189.509626 	 -1.191984 
189.547099 	 -1.191478 
189.557365 	 -1.189805 
189.633549 	 -1.187572 
189.744506 	 -1.186473 
189.763723 	 -1.186103 
189.779527 	 -1.184065 
189.963521 	 -1.182013 
190.135492 	 -1.178880 
190.331652 	 -1.177447 
190.373280 	 -1.172730 
190.797685 	 -1.169207 
190.855870 	 -1.168484 
190.873377 	 -1.165857 
190.969550 	 -1.159583 
191.241080 	 -1.153830 
191.502829 	 -1.150190 
191.601617 	 -1.148678 
191.660289 	 -1.147414 
191.704010 	 -1.145973 
191.749229 	 -1.144262 
191.795259 	 -1.143423 
191.816911 	 -1.140071 
191.971470 	 -1.136197 
192.084962 	 -1.133883 
192.163840 	 -1.133178 
192.179177 	 -1.130239 
192.316037 	 -1.128966 
192.334065 	 -1.123993 
192.490101 	 -1.121097 
192.544666 	 -1.119553 
192.584020 	 -1.118907 
192.600109 	 -1.117412 
192.645087 	 -1.116713 
192.657151 	 -1.115658 
192.680866 	 -1.111335 
192.796090 	 -1.104617 
192.941989 	 -1.103330 
192.954430 	 -1.102077 
192.992444 	 -1.100870 
193.030636 	 -1.098802 
193.090171 	 -1.098148 
193.102335 	 -1.0955