0 	 0 
0 	 0 
0.715837 	 0.000000 
0.753103 	 0.000000 
1.307143 	 0.074919 
1.405072 	 0.441781 
1.927877 	 0.575718 
2.417057 	 0.584203 
2.719196 	 0.639220 
3.045308 	 0.844610 
3.879239 	 0.912954 
4.848710 	 0.749871 
4.943051 	 0.863309 
5.574521 	 0.823278 
5.735521 	 0.862993 
5.915690 	 0.861336 
5.988531 	 0.897531 
6.128280 	 0.905464 
6.215302 	 0.960554 
6.425900 	 0.975937 
6.576470 	 1.046139 
6.880784 	 1.018345 
6.944339 	 1.176214 
7.524847 	 1.203368 
8.411974 	 1.077059 
8.417009 	 1.077388 
8.421104 	 1.079065 
8.439640 	 1.091622 
8.565619 	 1.075567 
8.766636 	 1.050904 
8.795265 	 1.047484 
9.015218 	 1.021927 
9.615893 	 0.958090 
9.800747 	 0.940020 
10.089667 	 0.913102 
10.427198 	 0.883545 
10.931064 	 0.842818 
11.339293 	 0.812475 
11.377794 	 0.809726 
11.446038 	 0.804898 
11.557316 	 0.797148 
11.780828 	 0.782024 
12.423829 	 0.784670 
12.959533 	 0.768274 
13.167401 	 0.762843 
13.255597 	 0.784697 
13.612563 	 0.766623 
13.646640 	 0.768435 
13.697493 	 0.803171 
14.212359 	 0.775840 
14.237456 	 0.849238 
15.301917 	 0.794193 
15.363604 	 0.803524 
15.555954 	 0.825585 
16.053694 	 0.831317 
16.556643 	 0.841913 
17.150193 	 0.815748 
17.201176 	 0.870453 
17.692465 	 0.856374 
17.781737 	 0.891685 
18.133907 	 0.888519 
18.390520 	 0.890151 
18.648543 	 0.877835 
18.693540 	 0.875722 
19.443592 	 0.841940 
20.404612 	 0.802286 
20.609864 	 0.794296 
20.646672 	 0.792880 
21.323010 	 0.767731 
21.352202 	 0.766682 
21.619499 	 0.757203 
22.508616 	 0.727292 
23.343854 	 0.701270 
23.647420 	 0.692267 
23.845618 	 0.686514 
23.846142 	 0.686498 
24.154645 	 0.708668 
24.901920 	 0.689559 
24.955636 	 0.693805 
25.098643 	 0.693313 
25.185514 	 0.707992 
25.615446 	 0.700927 
25.738870 	 0.699045 
25.776938 	 0.699414 
25.813064 	 0.707004 
26.034241 	 0.701667 
26.051683 	 0.716206 
26.247175 	 0.744135 
27.120267 	 0.720179 
27.442499 	 0.711723 
27.452505 	 0.711463 
28.458227 	 0.686320 
28.838579 	 0.677268 
29.339822 	 0.673180 
29.559340 	 0.668939 
29.581775 	 0.707941 
30.750506 	 0.682471 
30.794691 	 0.726051 
32.166877 	 0.702769 
32.414239 	 0.707131 
32.729467 	 0.703714 
32.840547 	 0.704680 
32.950429 	 0.709589 
33.189637 	 0.708111 
33.310319 	 0.724381 
33.937731 	 0.714712 
34.064059 	 0.720933 
34.215157 	 0.720737 
34.266273 	 0.733321 
34.500304 	 0.739027 
34.868786 	 0.741735 
35.235521 	 0.741776 
35.508995 	 0.736063 
36.121055 	 0.735789 
36.561670 	 0.729245 
36.646607 	 0.727602 
36.648324 	 0.747148 
37.365891 	 0.756923 
38.267302 	 0.747589 
38.592404 	 0.748797 
38.737229 	 0.747097 
38.779813 	 0.748864 
38.880180 	 0.747615 
38.906753 	 0.751112 
39.062701 	 0.748114 
39.103755 	 0.747328 
39.588805 	 0.738172 
39.691936 	 0.745112 
40.043548 	 0.755816 
40.734131 	 0.753556 
41.164030 	 0.756753 
41.391813 	 0.763759 
41.623005 	 0.781623 
42.083056 	 0.803258 
42.506408 	 0.807738 
42.683234 	 0.814239 
42.823347 	 0.819877 
42.941848 	 0.833118 
43.163768 	 0.832640 
43.245902 	 0.834945 
43.329926 	 0.836481 
43.375496 	 0.841099 
43.454968 	 0.879642 
44.035549 	 0.877044 
44.167648 	 0.887473 
44.359816 	 0.883825 
44.364173 	 0.900023 
44.725405 	 0.896943 
44.912748 	 0.893201 
45.304850 	 0.885471 
45.498557 	 0.881701 
46.337566 	 0.865737 
46.573118 	 0.861358 
46.914746 	 0.856458 
46.979108 	 0.880222 
48.150638 	 0.864776 
48.438108 	 0.864334 
48.665306 	 0.877213 
49.488441 	 0.873138 
50.008836 	 0.864158 
50.014163 	 0.895735 
51.598039 	 0.870671 
51.723528 	 0.871796 
51.890974 	 0.872026 
52.048879 	 0.879399 
52.570322 	 0.871964 
52.638033 	 0.871151 
52.654265 	 0.875832 
52.914914 	 0.874345 
53.064512 	 0.878810 
53.432254 	 0.877272 
53.673218 	 0.873662 
53.690852 	 0.873969 
53.706803 	 0.896214 
54.311138 	 0.899012 
54.657922 	 0.894921 
54.687307 	 0.894459 
54.687804 	 0.903463 
54.934232 	 0.905317 
55.096485 	 0.921022 
55.602572 	 0.935399 
56.024409 	 0.934406 
56.137407 	 0.954312 
56.748930 	 0.950606 
56.935552 	 0.947689 
56.941227 	 0.949122 
56.984719 	 0.956039 
57.202426 	 0.954906 
57.345740 	 0.958935 
57.713672 	 0.952822 
57.715585 	 0.952790 
57.868091 	 0.950279 
57.964849 	 0.948693 
58.948893 	 0.937338 
59.213048 	 0.936721 
59.424127 	 0.935574 
59.553709 	 0.953106 
60.719014 	 0.934985 
60.729397 	 0.935595 
60.752778 	 0.949323 
61.180711 	 0.947652 
61.332734 	 0.955741 
61.972930 	 0.946029 
61.982898 	 0.946327 
62.010800 	 0.945901 
62.038583 	 0.945478 
62.262295 	 0.942081 
62.821084 	 0.933701 
62.865684 	 0.933038 
62.993038 	 0.931152 
63.480856 	 0.923997 
63.484374 	 0.923945 
64.393657 	 0.911399 
64.425903 	 0.913903 
64.616561 	 0.915830 
64.915311 	 0.911823 
64.928840 	 0.912951 
65.014383 	 0.942899 
66.026982 	 0.961438 
67.116380 	 0.946311 
67.148524 	 0.945858 
67.357379 	 0.942925 
67.516384 	 0.940704 
68.161824 	 0.934293 
68.331964 	 0.933417 
68.431074 	 0.932336 
68.449581 	 0.936333 
68.740438 	 0.933854 
68.842369 	 0.934921 
69.011033 	 0.935276 
69.193233 	 0.935950 
69.410277 	 0.934990 
69.546773 	 0.933441 
69.566657 	 0.944388 
70.346767 	 0.937479 
70.597448 	 0.956655 
72.186266 	 0.943344 
72.745371 	 0.936717 
72.790720 	 0.939927 
73.066788 	 0.941163 
73.416628 	 0.937950 
73.509979 	 0.945246 
74.133871 	 0.943868 
74.621462 	 0.939578 
74.761559 	 0.940609 
74.970219 	 0.978048 
76.471777 	 0.964163 
76.878533 	 0.959061 
77.073738 	 0.956632 
77.280448 	 0.954074 
78.036668 	 0.944828 
78.658309 	 0.937361 
78.711433 	 0.936765 
78.714316 	 0.937715 
78.791810 	 0.940992 
79.122632 	 0.941636 
79.484953 	 0.944842 
79.782943 	 0.946115 
79.974498 	 0.955457 
80.438657 	 0.950933 
80.465200 	 0.950769 
80.469212 	 0.991611 
81.291791 	 0.997360 
81.612560 	 1.002281 
81.792930 	 1.002643 
81.845525 	 1.007767 
81.963564 	 1.049821 
82.855025 	 1.052475 
83.143972 	 1.055535 
83.283602 	 1.065544 
83.528840 	 1.064263 
83.567424 	 1.068074 
83.687268 	 1.070558 
83.799235 	 1.070940 
83.849860 	 1.079419 
84.104917 	 1.077336 
84.138281 	 1.095965 
84.539129 	 1.097981 
84.691562 	 1.100377 
84.784136 	 1.101867 
84.860199 	 1.101048 
84.867347 	 1.102055 
84.960713 	 1.108474 
85.608949 	 1.101660 
85.744191 	 1.104433 
85.937531 	 1.110488 
86.304482 	 1.107404 
86.445800 	 1.106545 
86.528072 	 1.105493 
86.882125 	 1.100988 
87.197580 	 1.097005 
87.197722 	 1.097003 
87.312995 	 1.095555 
87.761845 	 1.089952 
87.889604 	 1.088367 
88.063404 	 1.086219 
88.108692 	 1.085661 
88.157872 	 1.085055 
88.913407 	 1.083091 
89.558525 	 1.077990 
89.800407 	 1.075955 
89.878469 	 1.077596 
90.109932 	 1.080150 
90.589444 	 1.076508 
90.777541 	 1.076036 
90.937153 	 1.076011 
91.106617 	 1.083504 
91.971633 	 1.073965 
92.031563 	 1.073273 
92.032217 	 1.073617 
92.064642 	 1.074296 
92.161912 	 1.078185 
92.624809 	 1.072804 
92.625516 	 1.073355 
92.677289 	 1.075630 
92.943749 	 1.075576 
93.225338 	 1.074873 
93.462674 	 1.074014 
93.637467 	 1.073038 
93.733851 	 1.075809 
94.096956 	 1.072299 
94.157348 	 1.071656 
94.161548 	 1.076558 
94.627653 	 1.076229 
95.098248 	 1.074684 
95.457855 	 1.071880 
95.517252 	 1.071461 
95.529047 	 1.072098 
95.602515 	 1.071274 
96.334342 	 1.063136 
96.608571 	 1.060118 
97.488292 	 1.050551 
97.526037 	 1.050145 
98.206940 	 1.042864 
98.488173 	 1.039886 
99.219319 	 1.032223 
99.261066 	 1.031789 
99.461913 	 1.029705 
99.779314 	 1.026430 
99.935714 	 1.024823 
100.278287 	 1.021322 
100.321674 	 1.020881 
101.621916 	 1.007819 
101.702724 	 1.007018 
101.776722 	 1.006286 
101.819077 	 1.005867 
102.944739 	 0.994868 
103.627318 	 0.988315 
103.891142 	 0.985806 
104.280797 	 0.982122 
104.287428 	 0.982060 
105.212650 	 0.973423 
105.258993 	 0.972995 
105.441052 	 0.971315 
106.085592 	 0.965413 
106.124814 	 0.965057 
106.993281 	 0.962233 
107.529320 	 0.959701 
107.772808 	 0.967082 
108.802007 	 0.960271 
109.056279 	 0.960015 
109.272479 	 0.958511 
109.315702 	 0.960723 
109.598898 	 0.958525 
109.630149 	 0.962928 
110.142747 	 0.963983 
110.752563 	 0.960380 
110.846950 	 0.960025 
110.872599 	 0.962881 
111.213931 	 0.961788 
111.421047 	 0.961878 
111.630193 	 0.960252 
111.649849 	 0.961125 
111.766276 	 0.961107 
111.876144 	 0.961196 
111.991705 	 0.961365 
112.121687 	 0.961371 
112.247283 	 0.960669 
112.289284 	 0.960666 
112.329239 	 0.960799 
112.382655 	 0.962605 
112.509777 	 0.968889 
112.786232 	 0.978257 
113.227720 	 0.977755 
113.352723 	 0.980993 
113.597340 	 0.982881 
113.824594 	 0.981425 
113.853405 	 0.984513 
114.043339 	 0.983668 
114.088656 	 0.987508 
114.329994 	 0.986187 
114.417205 	 0.986478 
114.536556 	 0.985450 
115.084153 	 0.980761 
115.413847 	 0.977959 
116.032149 	 0.972748 
116.155194 	 0.971718 
116.391070 	 0.969748 
117.092168 	 0.963942 
117.689999 	 0.959045 
117.698862 	 0.958973 
118.274880 	 0.954303 
118.604871 	 0.951648 
118.812021 	 0.949989 
120.252278 	 0.938611 
120.425406 	 0.937261 
120.448088 	 0.937085 
120.812991 	 0.934254 
120.988601 	 0.932898 
121.112544 	 0.931944 
121.220074 	 0.931117 
121.686822 	 0.927545 
122.404706 	 0.922106 
122.440177 	 0.924823 
122.805661 	 0.924751 
123.134742 	 0.923371 
123.269164 	 0.925622 
123.469946 	 0.937446 
124.292860 	 0.945420 
125.174143 	 0.944963 
125.562078 	 0.947077 
125.878099 	 0.945452 
125.925488 	 0.948185 
126.119974 	 0.950784 
126.632108 	 0.947658 
126.723230 	 0.948260 
126.804549 	 0.951853 
127.337280 	 0.947871 
127.373953 	 0.947598 
127.471317 	 0.948707 
127.704951 	 0.947286 
127.745153 	 0.949455 
128.060246 	 0.947892 
128.159247 	 0.947159 
128.350228 	 0.945750 
128.523721 	 0.944473 
129.814845 	 0.935080 
130.015424 	 0.934846 
130.172657 	 0.934099 
130.222331 	 0.933879 
130.240071 	 0.937069 
130.672146 	 0.935343 
130.761817 	 0.935456 
130.794686 	 0.949309 
131.408908 	 0.946681 
131.488145 	 0.949267 
131.626518 	 0.949365 
131.674579 	 0.959029 
132.113974 	 0.956029 
132.126496 	 0.956867 
132.167397 	 0.964228 
132.673386 	 0.965831 
133.023651 	 0.963496 
133.051424 	 0.963295 
133.186319 	 0.962319 
133.310636 	 0.961422 
134.287867 	 0.960054 
135.043669 	 0.964549 
136.376263 	 0.955887 
136.480401 	 0.957326 
136.776367 	 0.956164 
136.900737 	 0.960328 
137.589731 	 0.958960 
138.063114 	 0.957284 
138.285623 	 0.955882 
138.295212 	 0.960331 
138.607473 	 0.960936 
138.799281 	 0.963835 
139.092674 	 0.963294 
139.196442 	 0.963829 
139.283626 	 0.964428 
139.451106 	 0.967946 
140.103188 	 0.963441 
140.828399 	 0.960411 
141.100469 	 0.962841 
141.704561 	 0.959212 
141.771975 	 0.963346 
142.422725 	 0.967308 
143.613956 	 0.961668 
143.956178 	 0.961656 
144.283624 	 0.961705 
144.605633 	 0.959773 
144.635916 	 0.960273 
144.737203 	 0.962286 
145.125804 	 0.961520 
145.257252 	 0.962376 
145.507893 	 0.961396 
145.606613 	 0.960745 
145.704408 	 0.960100 
146.346331 	 0.955888 
146.700564 	 0.953580 
146.868050 	 0.952493 
146.958807 	 0.951905 
147.786017 	 0.946577 
147.811131 	 0.946416 
148.397642 	 0.942675 
148.718953 	 0.940638 
149.336549 	 0.937002 
149.374407 	 0.938262 
149.598080 	 0.936920 
149.607181 	 0.937431 
149.692173 	 0.937105 
149.723011 	 0.936921 
149.724338 	 0.940375 
150.242746 	 0.944454 
151.343082 	 0.938281 
151.448142 	 0.943631 
152.356867 	 0.944022 
153.274069 	 0.940394 
153.583767 	 0.941415 
154.031851 	 0.941456 
154.459913 	 0.943540 
155.184946 	 0.943025 
155.486972 	 0.941572 
155.516476 	 0.944570 
155.763435 	 0.944451 
155.870861 	 0.945009 
156.059197 	 0.945424 
156.301967 	 0.943956 
156.977939 	 0.939891 
157.695981 	 0.935611 
157.729108 	 0.935415 
157.790681 	 0.935050 
157.867262 	 0.934596 
158.556789 	 0.930532 
159.584009 	 0.924542 
159.638255 	 0.924228 
160.447210 	 0.919568 
160.464750 	 0.919467 
160.657806 	 0.921619 
161.180979 	 0.921350 
161.619726 	 0.921385 
161.824697 	 0.925066 
162.216955 	 0.929847 
162.596468 	 0.929268 
162.682687 	 0.928917 
162.690347 	 0.934114 
162.974553 	 0.932573 
162.979359 	 0.933832 
163.084205 	 0.935471 
163.266795 	 0.934614 
163.282218 	 0.936927 
163.674363 	 0.934682 
163.715846 	 0.934446 
164.067416 	 0.932443 
164.224432 	 0.931552 
164.945074 	 0.927482 
165.037278 	 0.926964 
165.505654 	 0.924340 
165.615255 	 0.924032 
165.665495 	 0.923947 
165.697771 	 0.928400 
166.465504 	 0.925137 
166.550325 	 0.929687 
166.968461 	 0.928052 
167.084097 	 0.928696 
167.299050 	 0.927707 
167.333190 	 0.928262 
167.457729 	 0.929024 
167.579398 	 0.928744 
167.645494 	 0.930498 
167.823220 	 0.932742 
168.094193 	 0.931737 
168.177875 	 0.931378 
168.195529 	 0.932080 
168.330099 	 0.931484 
168.355192 	 0.931390 
168.358920 	 0.932434 
168.448558 	 0.932534 
168.498797 	 0.933168 
168.575603 	 0.935559 
168.812994 	 0.936113 
168.970765 	 0.935792 
169.064305 	 0.935274 
169.220961 	 0.934409 
169.412336 	 0.933353 
169.626340 	 0.932175 
169.720308 	 0.931659 
169.917210 	 0.930580 
169.935279 	 0.930481 
170.573690 	 0.926998 
170.970769 	 0.924845 
171.013737 	 0.924613 
171.116644 	 0.924057 
171.436625 	 0.922332 
171.587489 	 0.921521 
171.594982 	 0.921481 
171.956726 	 0.919542 
172.271394 	 0.917863 
173.062347 	 0.913668 
173.542714 	 0.911139 
173.598663 	 0.910845 
173.934727 	 0.909085 
174.266298 	 0.907356 
174.831633 	 0.904422 
175.649288 	 0.900211 
175.703054 	 0.899936 
175.847213 	 0.899198 
175.892344 	 0.898968 
176.087067 	 0.897973 
176.167541 	 0.897563 
176.356858 	 0.896600 
176.423658 	 0.896260 
176.424858 	 0.898254 
176.777693 	 0.897547 
176.969554 	 0.898460 
177.303377 	 0.902694 
178.354019 	 0.898217 
178.504010 	 0.898702 
178.725236 	 0.898177 
178.830293 	 0.901164 
179.458727 	 0.898025 
179.461783 	 0.900180 
179.851319 	 0.901368 
180.415643 	 0.902458 
181.120929 	 0.904064 
182.048244 	 0.900028 
182.151888 	 0.900476 
182.326794 	 0.904060 
183.137718 	 0.900421 
183.204362 	 0.901275 
183.420842 	 0.905385 
184.369760 	 0.900879 
184.398155 	 0.900781 
184.405670 	 0.901938 
184.625742 	 0.906952 
185.750072 	 0.905929 
186.164915 	 0.905746 
186.335815 	 0.906439 
186.477783 	 0.906060 
186.506783 	 0.909332 
187.143241 	 0.906240 
188.014954 	 0.902038 
188.135205 	 0.901461 
188.432823 	 0.900037 
189.256127 	 0.896122 
189.749560 	 0.893792 
190.387649 	 0.890796 
191.192129 	 0.889062 
191.577175 	 0.887456 
191.611866 	 0.888719 
191.884659 	 0.903556 
194.973978 	 0.893425 
195.790146 	 0.890879 
196.020799 	 0.890034 
196.060751 	 0.892516 
196.582864 	 0.891699 
196.888346 	 0.890735 
196.929650 	 0.894705 
197.338909 	 0.897254 
197.773526 	 0.896929 
197.936367 	 0.896408 
197.957818 	 0.900791 
198.401285 	 0.900081 
198.530599 	 0.899848 
198.565570 	 0.901390 
198.903330 	 0.899859 
199.569408 	 0.896856 
199.826650 	 0.895701 
200.382341 	 0.893218 
200.832084 	 0.891217 
201.585681 	 0.887886 
202.430125 	 0.884182 
202.660654 	 0.883176 
203.305375 	 0.880375 
203.489014 	 0.879581 
203.618953 	 0.879019 
203.787609 	 0.878292 
203.971541 	 0.877500 
204.272768 	 0.876206 
205.328214 	 0.871702 
205.488741 	 0.871021 
205.663184 	 0.876092 
206.858079 	 0.871965 
207.051205 	 0.871965 
207.219597 	 0.871415 
207.252525 	 0.871332 
207.263996 	 0.877517 
208.555828 	 0.873306 
208.811309 	 0.872752 
208.865014 	 0.875582 
209.077665 	 0.880910 
209.511024 	 0.882289 
209.846368 	 0.881294 
209.889952 	 0.882702 
210.056821 	 0.882247 
210.108741 	 0.882031 
210.109080 	 0.882030 
210.772462 	 0.879254 
210.976853 	 0.878402 
211.423684 	 0.876545 
211.841217 	 0.874818 
212.378048 	 0.872606 
212.696913 	 0.871298 
213.575702 	 0.867713 
213.600538 	 0.867895 
213.660968 	 0.869120 
213.975036 	 0.868665 
214.150792 	 0.868154 
214.193880 	 0.868119 
214.223885 	 0.868880 
214.412841 	 0.868150 
214.420646 	 0.870190 
214.864767 	 0.868899 
214.973869 	 0.868730 
215.032421 	 0.869907 
215.336295 	 0.869879 
215.594529 	 0.871108 
216.084252 	 0.870175 
216.309278 	 0.871642 
216.822319 	 0.870114 
216.880313 	 0.874398 
217.370089 	 0.873216 
217.455678 	 0.873882 
217.675348 	 0.873000 
218.074016 	 0.871725 
218.143892 	 0.873498 
218.591756 	 0.873197 
218.917007 	 0.872120 
218.965320 	 0.873521 
219.314163 	 0.873358 
219.583126 	 0.873145 
219.771367 	 0.875904 
220.156713 	 0.876210 
220.359130 	 0.875532 
220.373122 	 0.877267 
220.570369 	 0.878185 
220.945939 	 0.876692 
221.179622 	 0.875766 
221.840445 	 0.873287 
221.869335 	 0.874485 
222.014880 	 0.874597 
222.166953 	 0.873999 
222.881250 	 0.871198 
223.568222 	 0.868521 
224.047965 	 0.866661 
224.385548 	 0.865357 
225.029202 	 0.862882 
225.153796 	 0.862404 
225.187278 	 0.862276 
225.461416 	 0.861228 
225.878668 	 0.859637 
225.968392 	 0.859295 
226.023334 	 0.859086 
226.486281 	 0.857330 
226.890402 	 0.855803 
227.478575 	 0.853591 
227.745588 	 0.852590 
228.170303 	 0.851003 
229.019656 	 0.847847 
229.294172 	 0.846832 
229.325150 	 0.847987 
229.616283 	 0.847871 
229.836532 	 0.847689 
229.981403 	 0.850098 
230.319830 	 0.849784 
230.427591 	 0.849546 
230.464297 	 0.849718 
230.535072 	 0.856386 
231.333746 	 0.856061 
231.942385 	 0.854977 
232.212160 	 0.854904 
232.425909 	 0.854428 
232.497975 	 0.854163 
232.685547 	 0.853475 
233.209860 	 0.851556 
233.218509 	 0.851525 
233.724860 	 0.849680 
233.778061 	 0.849486 
234.045419 	 0.848516 
234.615492 	 0.846454 
234.941840 	 0.845278 
235.259351 	 0.844263 
235.288879 	 0.845505 
235.605951 	 0.845561 
235.887351 	 0.845026 
235.999018 	 0.846567 
236.457091 	 0.845320 
236.550006 	 0.850288 
237.803640 	 0.846540 
237.978268 	 0.849296 
238.782130 	 0.851947 
240.097900 	 0.848400 
240.367078 	 0.848628 
240.650307 	 0.850335 
241.301415 	 0.848250 
241.351992 	 0.849216 
241.628148 	 0.850129 
242.083070 	 0.850330 
242.518519 	 0.850746 
242.989799 	 0.849341 
243.049236 	 0.851586 
243.347357 	 0.850967 
243.450483 	 0.850606 
243.692267 	 0.849762 
243.771722 	 0.849485 
244.333500 	 0.847532 
244.798758 	 0.845921 
245.370763 	 0.843949 
245.553467 	 0.846003 
246.211859 	 0.844626 
246.429774 	 0.844539 
246.592381 	 0.844592 
246.667592 	 0.847544 
247.063514 	 0.846635 
247.174331 	 0.846255 
247.643925 	 0.844650 
247.765129 	 0.844237 
247.937740 	 0.843649 
248.105590 	 0.843079 
248.264096 	 0.842540 
248.411245 	 0.842041 
249.140806 	 0.839576 
249.219545 	 0.839310 
249.975468 	 0.836772 
250.131255 	 0.836251 
250.304248 	 0.835673 
250.429305 	 0.835256 
251.456184 	 0.831845 
251.690896 	 0.831069 
252.039111 	 0.829921 
252.075199 	 0.829802 
253.499725 	 0.825139 
253.804924 	 0.826884 
254.499682 	 0.825999 
254.848830 	 0.826236 
255.197584 	 0.827538 
255.818081 	 0.825785 
255.883247 	 0.825829 
255.948173 	 0.825736 
255.977987 	 0.826289 
256.144094 	 0.827753 
256.656367 	 0.826711 
256.813146 	 0.826879 
256.985731 	 0.829248 
257.737205 	 0.829574 
258.090860 	 0.828920 
258.215481 	 0.829191 
258.388614 	 0.828827 
258.438180 	 0.831550 
259.182990 	 0.830144 
259.438060 	 0.829447 
259.468836 	 0.829349 
259.963714 	 0.827874 
259.990924 	 0.828518 
260.180805 	 0.827972 
260.196156 	 0.830022 
260.742262 	 0.828297 
260.745701 	 0.828483 
260.797037 	 0.828831 
260.930348 	 0.828803 
261.033496 	 0.829643 
261.338263 	 0.828996 
261.422101 	 0.830638 
261.920656 	 0.833086 
262.448404 	 0.834367 
262.836269 	 0.834620 
263.031326 	 0.835732 
263.258929 	 0.835940 
263.381518 	 0.836302 
263.480353 	 0.837797 
263.718670 	 0.838785 
263.872038 	 0.844922 
264.309079 	 0.844410 
264.387033 	 0.844359 
264.404461 	 0.844648 
264.450010 	 0.845956 
264.642274 	 0.846023 
264.732464 	 0.849090 
265.176556 	 0.848365 
265.268998 	 0.849209 
265.420164 	 0.849921 
265.737412 	 0.848906 
266.149915 	 0.847590 
266.469364 	 0.846574 
266.887599 	 0.845248 
267.032462 	 0.844789 
267.088023 	 0.844613 
267.614231 	 0.842953 
267.747242 	 0.842534 
267.777000 	 0.842440 
267.924124 	 0.841978 
268.077209 	 0.841497 
268.212629 	 0.841072 
269.352812 	 0.837512 
269.445677 	 0.837223 
269.737822 	 0.837708 
270.113275 	 0.836995 
270.235099 	 0.837228 
270.317582 	 0.843678 
271.223867 	 0.840965 
271.238235 	 0.842152 
271.405369 	 0.842768 
271.713179 	 0.841813 
272.088363 	 0.840652 
272.427593 	 0.839606 
273.028411 	 0.837758 
273.237992 	 0.837115 
273.726137 	 0.835623 
274.151599 	 0.834326 
274.764720 	 0.832464 
275.765073 	 0.829444 
275.808389 	 0.829314 
276.014731 	 0.828694 
276.233581 	 0.828037 
276.564725 	 0.827046 
276.955409 	 0.825879 
277.291015 	 0.824880 
277.440613 	 0.824435 
277.600298 	 0.823961 
277.754717 	 0.823503 
277.931445 	 0.822979 
278.384569 	 0.821639 
278.553640 	 0.821141 
278.969992 	 0.819915 
279.287837 	 0.818982 
279.836271 	 0.818589 
280.175474 	 0.817722 
280.210183 	 0.819163 
280.642397 	 0.820304 
281.316720 	 0.818729 
281.426603 	 0.818529 
281.443435 	 0.818615 
281.481409 	 0.818504 
281.801925 	 0.817573 
281.809091 	 0.817553 
281.909144 	 0.817262 
282.088730 	 0.816742 
282.392425 	 0.816804 
282.657885 	 0.817350 
283.029135 	 0.816421 
283.069679 	 0.820298 
283.634992 	 0.820091 
283.837385 	 0.826546 
284.836485 	 0.824617 
284.974749 	 0.824739 
285.123300 	 0.825716 
285.524534 	 0.824556 
286.025690 	 0.823111 
287.345623 	 0.820834 
287.777892 	 0.820805 
288.124232 	 0.820864 
288.274940 	 0.820493 
288.291712 	 0.821439 
288.577955 	 0.824721 
289.760195 	 0.821988 
289.943469 	 0.821469 
290.201058 	 0.820739 
290.364519 	 0.820277 
291.246935 	 0.817792 
291.736322 	 0.816420 
292.095235 	 0.815417 
292.532199 	 0.814199 
292.605396 	 0.813995 
292.943557 	 0.813056 
292.968430 	 0.812987 
293.416641 	 0.811745 
293.735650 	 0.810863 
293.999137 	 0.810137 
294.113799 	 0.809821 
294.689856 	 0.808238 
294.873785 	 0.807734 
296.513780 	 0.803266 
296.704934 	 0.802749 
296.706844 	 0.802743 
296.999593 	 0.801952 
297.052172 	 0.801810 
297.219954 	 0.801358 
297.424282 	 0.800807 
297.473432 	 0.800675 
297.901437 	 0.799524 
298.318716 	 0.798406 
298.321225 	 0.798399 
298.949194 	 0.796722 
299.088156 	 0.796352 
299.179691 	 0.796108 
299.181840 	 0.799605 
300.229662 	 0.798730 
300.804696 	 0.797731 
300.963737 	 0.800461 
301.437886 	 0.802184 
301.887377 	 0.802097 
302.221814 	 0.802886 
302.728262 	 0.803512 
303.026335 	 0.803551 
303.152034 	 0.804638 
303.367249 	 0.804385 
303.415488 	 0.806410 
303.742074 	 0.805890 
303.794904 	 0.808169 
304.162298 	 0.808879 
304.675301 	 0.808501 
304.974893 	 0.809309 
305.463650 	 0.808566 
305.632361 	 0.808120 
305.823276 	 0.807616 
305.915783 	 0.807371 
305.955593 	 0.807266 
306.085966 	 0.806923 
306.704608 	 0.805295 
308.133752 	 0.801560 
308.141537 	 0.801540 
308.340471 	 0.801023 
308.602193 	 0.800343 
308.686552 	 0.800124 
308.798401 	 0.800010 
308.852616 	 0.800287 
308.917072 	 0.801555 
309.138711 	 0.802455 
309.366645 	 0.803814 
309.567793 	 0.805010 
309.745050 	 0.805083 
309.800173 	 0.810332 
310.217777 	 0.809965 
310.273932 	 0.817731 
310.887679 	 0.816207 
310.894699 	 0.817615 
311.005579 	 0.817432 
311.014039 	 0.819534 
311.179211 	 0.831315 
312.446279 	 0.828083 
312.468117 	 0.828570 
312.638269 	 0.829375 
313.030813 	 0.829349 
313.348507 	 0.829548 
313.674351 	 0.828687 
313.731570 	 0.828536 
313.762886 	 0.829932 
314.226834 	 0.830704 
314.854695 	 0.829223 
314.909721 	 0.829152 
314.932984 	 0.830993 
315.532241 	 0.834420 
317.111448 	 0.830402 
317.155133 	 0.830785 
317.312970 	 0.830736 
317.428284 	 0.832695 
318.146156 	 0.832393 
318.396995 	 0.832260 
318.480164 	 0.832403 
318.537545 	 0.834722 
318.930747 	 0.834072 
319.051577 	 0.834017 
319.135076 	 0.836253 
319.918307 	 0.835064 
320.192683 	 0.835786 
320.653232 	 0.834827 
320.730389 	 0.835988 
321.167255 	 0.835211 
321.283041 	 0.834910 
321.544355 	 0.834232 
321.753014 	 0.833691 
322.208201 	 0.832513 
322.875822 	 0.830792 
323.181856 	 0.830005 
323.436548 	 0.829351 
323.754449 	 0.828537 
323.874562 	 0.828230 
324.058019 	 0.827761 
324.193867 	 0.827414 
325.329381 	 0.824526 
325.747093 	 0.823469 
325.864130 	 0.823173 
325.920719 	 0.823030 
325.936555 	 0.822990 
326.338553 	 0.821976 
326.787133 	 0.820848 
327.289359 	 0.819588 
328.146508 	 0.817447 
328.186521 	 0.817348 
328.199185 	 0.817316 
328.567446 	 0.816740 
328.679059 	 0.816549 
328.707519 	 0.817807 
329.144317 	 0.817162 
329.289280 	 0.817883 
329.644861 	 0.817516 
329.729790 	 0.818275 
329.889704 	 0.819615 
330.176245 	 0.819245 
330.232503 	 0.819120 
330.234909 	 0.819280 
330.262274 	 0.819778 
330.355840 	 0.819817 
330.400486 	 0.820507 
330.665227 	 0.820143 
330.762043 	 0.820437 
330.938754 	 0.820529 
331.114087 	 0.820377 
331.207515 	 0.822011 
331.825533 	 0.820480 
332.009653 	 0.820025 
332.613204 	 0.818537 
332.976900 	 0.817643 
333.219963 	 0.817631 
333.414684 	 0.818628 
333.906189 	 0.817559 
333.951729 	 0.818708 
334.372681 	 0.817840 
334.427005 	 0.818886 
334.821304 	 0.819593 
335.381047 	 0.819219 
335.714371 	 0.820696 
336.483273 	 0.819734 
336.790519 	 0.819748 
337.047116 	 0.819713 
337.245649 	 0.819810 
337.441130 	 0.819348 
337.445319 	 0.819758 
337.587170 	 0.819769 
337.707148 	 0.820167 
337.939925 	 0.820284 
338.170298 	 0.819879 
338.222499 	 0.819834 
338.249985 	 0.820312 
338.434390 	 0.820047 
338.495678 	 0.820162 
338.585150 	 0.820302 
338.705922 	 0.823489 
339.295193 	 0.822145 
339.324460 	 0.823400 
339.774090 	 0.822310 
339.790197 	 0.822271 
340.375572 	 0.820857 
340.441421 	 0.820698 
340.562346 	 0.820407 
340.716339 	 0.820036 
340.842387 	 0.819733 
341.222119 	 0.818820 
341.455061 	 0.818262 
341.465212 	 0.818237 
341.507908 	 0.818135 
341.653942 	 0.817785 
342.047879 	 0.816934 
342.078671 	 0.819383 
342.510180 	 0.818716 
342.572789 	 0.820644 
342.928532 	 0.820085 
342.978691 	 0.820782 
343.072165 	 0.821056 
343.128980 	 0.822173 
343.272286 	 0.822089 
343.301989 	 0.823723 
343.497154 	 0.827012 
343.927263 	 0.830233 
344.415077 	 0.831347 
344.809422 	 0.830959 
344.906552 	 0.830912 
344.970921 	 0.830835 
344.997727 	 0.832168 
345.480008 	 0.832613 
346.034958 	 0.831277 
346.747188 	 0.829570 
348.016582 	 0.826544 
348.019589 	 0.826537 
348.099933 	 0.826346 
348.321974 	 0.825819 
348.367689 	 0.825711 
348.454423 	 0.825505 
348.628195 	 0.825094 
349.029055 	 0.824146 
349.109093 	 0.823957 
349.150753 	 0.823859 
349.588683 	 0.822827 
349.837923 	 0.822241 
349.904974 	 0.823068 
350.249653 	 0.823338 
350.627711 	 0.823430 
350.971488 	 0.824024 
351.462832 	 0.823521 
351.576984 	 0.826093 
352.076104 	 0.829938 
352.959138 	 0.828535 
353.077933 	 0.828975 
353.331740 	 0.832503 
354.788698 	 0.829184 
354.824091 	 0.829102 
355.163331 	 0.828310 
355.415617 	 0.827722 
355.555835 	 0.827395 
355.673888 	 0.827121 
356.028435 	 0.826297 
356.242438 	 0.825801 
356.428264 	 0.825370 
357.275760 	 0.823412 
357.826197 	 0.822146 
358.254430 	 0.821163 
358.631660 	 0.820299 
359.323362 	 0.818720 
359.524879 	 0.818261 
360.052181 	 0.817063 
360.094531 	 0.816967 
361.231830 	 0.814394 
362.582245 	 0.811361 
362.876832 	 0.810703 
363.352463 	 0.809641 
363.425149 	 0.809479 
363.576766 	 0.809142 
363.994002 	 0.808214 
364.568890 	 0.806940 
365.233002 	 0.805473 
365.365324 	 0.805181 
365.799487 	 0.804225 
365.838813 	 0.804139 
365.883922 	 0.806105 
366.639515 	 0.804947 
366.824281 	 0.805645 
367.228690 	 0.806265 
367.782201 	 0.807055 
368.519262 	 0.805451 
368.523065 	 0.805742 
368.633376 	 0.805562 
368.655823 	 0.807408 
369.354234 	 0.806404 
369.547512 	 0.806465 
369.725898 	 0.806435 
369.858741 	 0.808139 
370.596081 	 0.807768 
371.054496 	 0.807738 
371.413553 	 0.807708 
371.692380 	 0.809942 
372.220268 	 0.810026 
372.449682 	 0.810011 
372.539754 	 0.810003 
372.609793 	 0.810527 
372.861706 	 0.809980 
373.111725 	 0.809437 
373.978015 	 0.808019 
374.149136 	 0.808744 
374.558450 	 0.809167 
375.048163 	 0.811472 
376.308557 	 0.809284 
376.508288 	 0.811165 
377.377837 	 0.809693 
377.528029 	 0.809742 
377.668089 	 0.810841 
377.932322 	 0.811383 
378.071919 	 0.811511 
378.125872 	 0.812290 
378.238616 	 0.812108 
378.246237 	 0.813069 
378.369452 	 0.814083 
378.530787 	 0.814063 
378.592517 	 0.815077 
378.809626 	 0.818223 
379.494102 	 0.816939 
379.566826 	 0.817256 
379.746603 	 0.816870 
380.257469 	 0.815772 
380.630976 	 0.814972 
380.779316 	 0.814654 
381.040117 	 0.814096 
381.187958 	 0.813781 
381.477248 	 0.813298 
381.528630 	 0.813352 
381.590820 	 0.814473 
382.069333 	 0.814965 
382.646825 	 0.813752 
382.653356 	 0.813739 
382.653847 	 0.814344 
382.885630 	 0.817563 
384.306865 	 0.815170 
384.549236 	 0.816052 
385.086175 	 0.815867 
385.452988 	 0.815822 
385.734863 	 0.815807 
385.958869 	 0.815386 
385.979224 	 0.816322 
386.357248 	 0.815630 
386.398203 	 0.816255 
386.673162 	 0.815778 
386.713291 	 0.816286 
386.827961 	 0.816919 
387.166163 	 0.816266 
387.189906 	 0.816487 
387.294660 	 0.817392 
387.730677 	 0.816609 
387.783670 	 0.817656 
388.008153 	 0.817477 
388.065213 	 0.817757 
388.142867 	 0.818223 
388.265075 	 0.818682 
388.543511 	 0.818096 
388.797315 	 0.817562 
388.948300 	 0.818461 
389.421652 	 0.819299 
390.135223 	 0.819268 
390.707997 	 0.818364 
390.766009 	 0.822218 
391.542714 	 0.823783 
392.168421 	 0.822649 
392.239080 	 0.826130 
392.950885 	 0.826444 
393.662234 	 0.825129 
393.732629 	 0.826191 
394.208486 	 0.825193 
394.822826 	 0.823909 
394.971702 	 0.823599 
395.131174 	 0.823266 
395.737398 	 0.822005 
396.285648 	 0.820868 
397.200175 	 0.818978 
397.302615 	 0.818767 
397.348141 	 0.819377 
397.627822 	 0.819550 
397.925960 	 0.820729 
398.639314 	 0.820092 
398.971024 	 0.819635 
399.060411 	 0.820436 
399.453371 	 0.819847 
399.540580 	 0.821973 
400.461546 	 0.821707 
401.111828 	 0.820463 
401.147321 	 0.821536 
401.377060 	 0.821972 
401.498326 	 0.823088 
401.680999 	 0.823348 
401.765920 	 0.823528 
401.813329 	 0.824560 
402.040181 	 0.825865 
402.277343 	 0.826695 
402.453985 	 0.827298 
402.583561 	 0.827419 
402.635555 	 0.828334 
402.772600 	 0.829481 
402.964525 	 0.829281 
403.003707 	 0.829874 
403.275080 	 0.831758 
404.260431 	 0.829731 
404.746049 	 0.828736 
405.063634 	 0.828086 
405.211150 	 0.827784 
405.220497 	 0.828210 
405.400538 	 0.828096 
405.503508 	 0.828082 
405.583294 	 0.828355 
405.759876 	 0.828105 
405.782407 	 0.829123 
405.998280 	 0.831418 
406.553613 	 0.830589 
406.678173 	 0.830791 
406.863928 	 0.830696 
406.979505 	 0.830910 
407.162687 	 0.830537 
407.162784 	 0.830536 
408.009490 	 0.828813 
408.095616 	 0.828638 
408.326369 	 0.828170 
408.674260 	 0.827465 
408.861137 	 0.827086 
409.102459 	 0.826599 
409.926581 	 0.824937 
409.953117 	 0.824883 
410.078173 	 0.824632 
410.172821 	 0.824441 
410.494117 	 0.823796 
410.931306 	 0.822920 
410.936398 	 0.822910 
412.565734 	 0.819660 
412.716366 	 0.819361 
413.056537 	 0.818686 
413.639287 	 0.817532 
414.211321 	 0.816403 
414.412173 	 0.816008 
415.050567 	 0.814753 
415.304546 	 0.814254 
415.591060 	 0.813693 
415.624666 	 0.813627 
416.122942 	 0.812653 
416.651271 	 0.811622 
416.755901 	 0.811419 
417.046551 	 0.810853 
417.313180 	 0.810335 
417.370439 	 0.810224 
418.155720 	 0.808702 
419.215095 	 0.806659 
419.762002 	 0.805608 
419.939047 	 0.805268 
419.977793 	 0.805273 
420.010871 	 0.806298 
420.468195 	 0.805739 
420.601827 	 0.805546 
420.628377 	 0.808457 
421.874459 	 0.807493 
422.474883 	 0.807987 
423.168500 	 0.806824 
423.236646 	 0.806780 
423.273369 	 0.806754 
423.291896 	 0.807233 
423.400750 	 0.807452 
423.490888 	 0.808682 
423.787862 	 0.812014 
424.613868 	 0.810654 
424.660646 	 0.811149 
424.784617 	 0.811179 
424.822354 	 0.812104 
425.034267 	 0.813295 
425.373365 	 0.813337 
425.667028 	 0.814147 
426.250654 	 0.813935 
426.635427 	 0.814260 
427.087418 	 0.813824 
427.269261 	 0.813478 
427.595980 	 0.812856 
428.342067 	 0.811441 
428.439479 	 0.811256 
428.970412 	 0.810252 
429.903086 	 0.808494 
430.323487 	 0.807704 
430.342265 	 0.807669 
430.797644 	 0.806815 
430.975517 	 0.806735 
431.084583 	 0.810461 
432.778477 	 0.808494 
433.300018 	 0.808139 
433.568050 	 0.809243 
434.263262 	 0.808133 
434.343886 	 0.808024 
434.352761 	 0.811877 
435.193136 	 0.810422 
435.217623 	 0.810949 
435.342309 	 0.810739 
435.347078 	 0.810730 
435.347136 	 0.811513 
435.517644 	 0.811715 
435.630827 	 0.811577 
435.646690 	 0.814287 
436.044449 	 0.814783 
436.314633 	 0.814926 
436.455725 	 0.814980 
436.594311 	 0.814819 
436.637066 	 0.814930 
436.720576 	 0.815140 
436.880129 	 0.814842 
437.034465 	 0.814554 
437.195907 	 0.814254 
437.552687 	 0.813590 
437.596365 	 0.813509 
437.754988 	 0.813214 
437.758818 	 0.813207 
438.264310 	 0.812269 
439.179879 	 0.810575 
439.524671 	 0.809939 
440.010326 	 0.809045 
440.289467 	 0.809391 
440.667368 	 0.808866 
440.741796 	 0.808947 
440.837784 	 0.810212 
441.473074 	 0.809902 
441.850918 	 0.809491 
441.975337 	 0.809370 
441.999070 	 0.809648 
442.069943 	 0.811148 
442.430278 	 0.810700 
442.524359 	 0.810639 
442.573485 	 0.811506 
442.997304 	 0.811397 
443.292768 	 0.811121 
443.410075 	 0.810949 
443.428987 	 0.811438 
443.661206 	 0.811013 
444.880638 	 0.808790 
445.367948 	 0.807905 
445.437960 	 0.807778 
445.674224 	 0.807350 
445.898834 	 0.806943 
446.131274 	 0.806523 
446.226218 	 0.806351 
446.716663 	 0.805466 
447.195636 	 0.804603 
447.343123 	 0.804338 
447.407212 	 0.804223 
447.936562 	 0.803272 
448.215933 	 0.802772 
448.315682 	 0.802593 
448.762729 	 0.801794 
449.196688 	 0.801019 
449.212769 	 0.800990 
450.026255 	 0.799542 
450.267191 	 0.799115 
450.375444 	 0.798922 
450.686340 	 0.798371 
451.234044 	 0.797402 
451.377732 	 0.797148 
451.587942 	 0.796777 
451.602920 	 0.796751 
451.834820 	 0.796342 
451.963310 	 0.796116 
452.003411 	 0.796045 
452.383730 	 0.795376 
452.847811 	 0.794561 
453.233666 	 0.793884 
453.285708 	 0.793793 
454.524136 	 0.791630 
455.686296 	 0.789611 
455.903036 	 0.789236 
456.130852 	 0.788842 
456.139656 	 0.788827 
457.071632 	 0.787218 
457.774939 	 0.786497 
457.998589 	 0.786497 
458.086566 	 0.786629 
458.151213 	 0.786960 
458.354103 	 0.787011 
458.445441 	 0.787075 
458.546892 	 0.787141 
458.656988 	 0.786952 
458.709713 	 0.786862 
459.079399 	 0.786228 
459.094907 	 0.786201 
459.339913 	 0.785782 
459.390819 	 0.785695 
459.439565 	 0.785612 
459.540627 	 0.785439 
459.595215 	 0.785346 
460.495846 	 0.783810 
460.859255 	 0.783192 
461.088100 	 0.782803 
461.529979 	 0.782053 
461.581297 	 0.781966 
461.691030 	 0.781781 
461.737760 	 0.781701 
461.906475 	 0.781416 
462.710438 	 0.780058 
462.734730 	 0.780017 
462.860648 	 0.779990 
462.946157 	 0.779946 
462.992804 	 0.782380 
464.156110 	 0.784035 
465.834010 	 0.782226 
466.070433 	 0.782136 
466.213549 	 0.782492 
466.491414 	 0.782026 
466.660122 	 0.781743 
466.888670 	 0.781360 
467.079508 	 0.781041 
467.222262 	 0.780802 
467.245958 	 0.780763 
467.436904 	 0.780444 
467.526999 	 0.780293 
467.622636 	 0.780134 
468.494687 	 0.778682 
468.677911 	 0.778377 
468.887679 	 0.778029 
469.129222 	 0.777628 
470.099584 	 0.776023 
470.371045 	 0.775575 
470.561584 	 0.775261 
471.718639 	 0.773360 
471.933347 	 0.773741 
472.279421 	 0.773329 
472.316054 	 0.773537 
472.379249 	 0.773526 
472.401025 	 0.775238 
472.813975 	 0.776474 
473.266036 	 0.776318 
473.543490 	 0.776144 
473.676398 	 0.775926 
473.743949 	 0.776289 
473.968248 	 0.779487 
475.658206 	 0.777333 
475.804640 	 0.779514 
476.380264 	 0.779069 
476.617066 	 0.779479 
476.997130 	 0.778950 
477.040919 	 0.783519 
479.254691 	 0.779947 
479.277412 	 0.780101 
479.368742 	 0.779952 
479.757729 	 0.779320 
479.865139 	 0.780126 
480.335738 	 0.781401 
481.315049 	 0.782053 
481.854688 	 0.781582 
481.952288 	 0.781677 
482.013327 	 0.782633 
482.521504 	 0.781808 
483.575825 	 0.780104 
485.586468 	 0.776874 
485.723818 	 0.777053 
485.917642 	 0.777168 
486.123954 	 0.777231 
486.314779 	 0.777147 
486.422566 	 0.777274 
486.568016 	 0.777570 
486.824936 	 0.777184 
486.836892 	 0.777464 
486.982363 	 0.778119 
487.414846 	 0.779589 
488.467577 	 0.778119 
488.570251 	 0.778996 
489.078753 	 0.778475 
489.149392 	 0.778629 
489.279482 	 0.778872 
489.499787 	 0.779532 
489.747205 	 0.779386 
489.868306 	 0.779193 
490.297669 	 0.778511 
490.588393 	 0.778049 
490.603991 	 0.778025 
490.606637 	 0.778020 
490.672251 	 0.777916 
491.035979 	 0.777340 
491.252944 	 0.776997 
491.503787 	 0.776600 
491.728852 	 0.776245 
491.776325 	 0.776170 
492.287548 	 0.775364 
493.084675 	 0.774110 
493.108019 	 0.774074 
493.354098 	 0.773688 
493.909207 	 0.772818 
494.169320 	 0.772411 
495.056755 	 0.771174 
495.129484 	 0.771667 
495.430037 	 0.771437 
495.547945 	 0.772375 
495.825755 	 0.772002 
495.840708 	 0.772003 
495.846637 	 0.772216 
495.901780 	 0.772142 
495.904685 	 0.772217 
495.924420 	 0.773144 
496.161800 	 0.773004 
496.218950 	 0.773232 
496.376051 	 0.772989 
496.377097 	 0.772988 
496.689915 	 0.772501 
496.744851 	 0.772415 
496.946483 	 0.772102 
496.947062 	 0.772101 
496.967007 	 0.772070 
497.607984 	 0.771075 
497.761269 	 0.770838 
497.888906 	 0.771057 
498.096240 	 0.772128 
498.789555 	 0.771149 
498.836789 	 0.771362 
498.979228 	 0.771295 
499.056026 	 0.771362 
499.148575 	 0.771392 
499.235014 	 0.773757 
500.482266 	 0.772881 
501.008717 	 0.775143 
502.549101 	 0.773081 
502.627837 	 0.773374 
502.732041 	 0.775060 
503.196110 	 0.778494 
504.240043 	 0.779217 
504.828478 	 0.779030 
505.192638 	 0.779736 
505.833251 	 0.778749 
506.044079 	 0.778424 
507.247294 	 0.776578 
507.852264 	 0.775653 
508.368388 	 0.774865 
508.394355 	 0.774826 
509.082048 	 0.773779 
509.133320 	 0.773801 
509.184286 	 0.776206 
510.448364 	 0.774417 
510.516235 	 0.774400 
510.560301 	 0.774731 
510.763424 	 0.775593 
511.360710 	 0.775405 
511.728178 	 0.774864 
511.736067 	 0.775583 
511.923090 	 0.775596 
512.074736 	 0.775366 
512.074743 	 0.776913 
512.867010 	 0.775713 
512.968786 	 0.775559 
512.986111 	 0.776638 
513.552693 	 0.776262 
513.676330 	 0.776855 
513.876625 	 0.778352 
514.339078 	 0.777816 
514.367064 	 0.780163 
514.776766 	 0.780516 
514.943951 	 0.780792 
515.034669 	 0.781007 
515.125622 	 0.784051 
516.764651 	 0.782010 
516.994760 	 0.782316 
517.333287 	 0.782670 
517.781332 	 0.782371 
517.977146 	 0.782204 
518.043415 	 0.783131 
518.575929 	 0.782360 
518.592658 	 0.782776 
518.821523 	 0.783306 
519.048599 	 0.783323 
519.141956 	 0.788630 
520.556112 	 0.786838 
520.647348 	 0.787801 
520.933976 	 0.787566 
520.985722 	 0.788220 
521.176437 	 0.788441 
521.441740 	 0.788281 
521.567394 	 0.788875 
521.976221 	 0.788257 
523.320883 	 0.786231 
523.331087 	 0.786216 
523.867984 	 0.785410 
523.899771 	 0.785363 
524.238288 	 0.784855 
524.407044 	 0.784603 
524.535133 	 0.784411 
524.969712 	 0.783762 
525.585522 	 0.782844 
525.605200 	 0.782814 
525.927036 	 0.782335 
526.244173 	 0.781864 
526.809335 	 0.781025 
527.615833 	 0.779831 
527.621772 	 0.779822 
527.802802 	 0.779555 
528.405653 	 0.778666 
528.567704 	 0.778427 
529.206627 	 0.777487 
529.233226 	 0.777448 
529.742694 	 0.776700 
529.835647 	 0.776853 
529.988564 	 0.778181 
530.811139 	 0.778143 
531.121116 	 0.778008 
531.205922 	 0.778300 
531.279657 	 0.778247 
531.289377 	 0.780493 
531.689760 	 0.781324 
532.066742 	 0.781872 
532.359915 	 0.782869 
533.120083 	 0.782740 
533.646198 	 0.782112 
533.722711 	 0.782546 
534.014302 	 0.782233 
534.075207 	 0.782144 
534.459046 	 0.781582 
534.522556 	 0.781489 
534.666179 	 0.781279 
534.954177 	 0.780858 
535.024776 	 0.780755 
535.898633 	 0.779482 
536.054478 	 0.779256 
536.211502 	 0.779027 
536.263259 	 0.778952 
536.277775 	 0.778931 
536.397441 	 0.778757 
536.398877 	 0.778755 
536.543023 	 0.778546 
536.685600 	 0.778720 
536.889717 	 0.780242 
537.865963 	 0.778850 
537.878793 	 0.779153 
538.051949 	 0.779526 
538.219823 	 0.780377 
538.514217 	 0.781205 
538.852017 	 0.780910 
538.904607 	 0.781000 
538.949353 	 0.782195 
539.288809 	 0.782742 
539.849260 	 0.783538 
540.717895 	 0.782280 
541.145037 	 0.781874 
541.259886 	 0.782076 
541.458886 	 0.782726 
541.966308 	 0.782129 
542.040150 	 0.782825 
542.474882 	 0.782547 
542.664764 	 0.782463 
542.767509 	 0.782418 
542.823326 	 0.783401 
543.400762 	 0.782743 
543.495526 	 0.783459 
543.727179 	 0.783545 
543.841279 	 0.784134 
544.046324 	 0.785136 
544.399185 	 0.784904 
544.474459 	 0.785672 
544.713171 	 0.785825 
544.848677 	 0.787046 
545.620426 	 0.786737 
546.059093 	 0.786247 
546.136586 	 0.786556 
546.366199 	 0.786382 
546.451926 	 0.786659 
546.670635 	 0.786681 
546.854529 	 0.786587 
546.948138 	 0.787855 
547.715300 	 0.787425 
548.083725 	 0.786917 
548.095811 	 0.786965 
548.131264 	 0.787189 
548.282071 	 0.786972 
548.327502 	 0.787282 
548.533138 	 0.788072 
549.128064 	 0.789639 
549.792859 	 0.789729 
550.080119 	 0.789343 
550.094723 	 0.789357 
550.113968 	 0.789707 
550.321339 	 0.790518 
550.626437 	 0.790109 
550.634404 	 0.792920 
551.411461 	 0.791840 
551.432147 	 0.792064 
551.572209 	 0.791863 
551.786317 	 0.791556 
551.803199 	 0.791532 
552.306466 	 0.790810 
552.362953 	 0.790730 
553.350211 	 0.789319 
553.429485 	 0.789206 
553.681514 	 0.788846 
553.700369 	 0.788820 
553.710482 	 0.788805 
555.248870 	 0.786620 
555.473666 	 0.786439 
555.550156 	 0.786570 
555.683187 	 0.789121 
556.444301 	 0.788327 
556.497167 	 0.789584 
556.744165 	 0.790692 
557.014789 	 0.790467 
557.044440 	 0.790531 
557.059164 	 0.791027 
557.131166 	 0.791422 
557.200431 	 0.791783 
557.264374 	 0.792988 
557.445001 	 0.793684 
557.621950 	 0.794109 
557.747911 	 0.793952 
557.753939 	 0.795976 
558.320947 	 0.796676 
558.741834 	 0.796397 
558.921397 	 0.796750 
559.261551 	 0.797827 
560.134989 	 0.797590 
560.699158 	 0.798153 
561.464856 	 0.797064 
562.276774 	 0.795914 
562.438686 	 0.795684 
562.511490 	 0.795581 
563.360755 	 0.794382 
563.941783 	 0.793564 
564.090441 	 0.793355 
564.539913 	 0.792723 
564.569843 	 0.792681 
565.208010 	 0.791786 
565.883892 	 0.790840 
565.971167 	 0.790718 
566.098443 	 0.790849 
566.273154 	 0.791259 
566.643580 	 0.791067 
566.827924 	 0.790915 
566.887606 	 0.791368 
567.191291 	 0.791149 
567.307587 	 0.791103 
567.373510 	 0.793003 
568.503400 	 0.792320 
569.011263 	 0.791944 
569.200049 	 0.793142 
570.031018 	 0.793028 
570.625063 	 0.793765 
571.516961 	 0.792696 
571.613914 	 0.792673 
571.677507 	 0.792688 
571.736847 	 0.793042 
571.986205 	 0.794049 
572.372957 	 0.793659 
572.457101 	 0.793543 
572.814912 	 0.793313 
572.967612 	 0.793680 
573.298481 	 0.793947 
573.714277 	 0.794595 
574.416390 	 0.794598 
574.975789 	 0.793828 
574.977496 	 0.794059 
575.044790 	 0.793983 
575.049669 	 0.795354 
575.445630 	 0.798161 
576.410811 	 0.796861 
576.421389 	 0.796881 
576.441288 	 0.796854 
577.141430 	 0.795887 
577.352998 	 0.795595 
577.993555 	 0.794714 
579.635385 	 0.792463 
579.845365 	 0.792176 
579.877910 	 0.792131 
579.885427 	 0.793478 
580.672149 	 0.792783 
580.893211 	 0.792954 
581.167634 	 0.794496 
582.281196 	 0.793281 
582.458397 	 0.793852 
582.931810 	 0.793522 
583.115527 	 0.793301 
583.132422 	 0.793535 
583.281831 	 0.793535 
583.400744 	 0.793904 
583.710483 	 0.793623 
583.792375 	 0.793739 
583.924904 	 0.795370 
584.982669 	 0.794812 
585.239942 	 0.794890 
585.490369 	 0.795762 
586.200061 	 0.795096 
586.373937 	 0.794910 
586.403289 	 0.794870 
586.448958 	 0.794808 
586.517504 	 0.794775 
586.552481 	 0.795448 
586.975093 	 0.795182 
587.155045 	 0.795863 
587.697698 	 0.795356 
587.832136 	 0.796187 
588.129730 	 0.795811 
588.145628 	 0.796224 
588.400804 	 0.796285 
588.640348 	 0.795965 
588.642535 	 0.796325 
588.856357 	 0.797785 
589.886408 	 0.796392 
590.197511 	 0.795973 
591.164415 	 0.794671 
591.695262 	 0.794761 
592.170398 	 0.794927 
592.646687 	 0.795758 
593.517673 	 0.794861 
593.678382 	 0.794805 
593.772927 	 0.794752 
593.816396 	 0.794886 
593.930520 	 0.795140 
594.172333 	 0.795276 
594.445390 	 0.794991 
594.492874 	 0.795367 
594.754515 	 0.795273 
594.906592 	 0.795331 
595.062031 	 0.795384 
595.217028 	 0.795925 
595.662225 	 0.795679 
595.870258 	 0.795493 
595.924791 	 0.795666 
596.071367 	 0.796151 
596.476778 	 0.796221 
596.659188 	 0.796854 
596.920731 	 0.796775 
597.001183 	 0.796719 
597.016656 	 0.798709 
597.616721 	 0.801670 
598.366484 	 0.802373 
598.707035 	 0.802449 
598.813243 	 0.803178 
598.987165 	 0.802994 
598.997038 	 0.803300 
599.060688 	 0.803496 
599.144911 	 0.803799 
599.269549 	 0.804497 
599.788300 	 0.803825 
599.802566 	 0.803806 
599.867155 	 0.803789 
599.908566 	 0.804779 
600.535651 	 0.805086 
601.224842 	 0.804667 
601.527705 	 0.804871 
601.894085 	 0.805430 
602.525789 	 0.805328 
602.972796 	 0.805021 
603.147599 	 0.805619 
603.649382 	 0.804970 
603.661517 	 0.805152 
603.781476 	 0.806314 
604.579794 	 0.805418 
604.681322 	 0.805682 
604.922802 	 0.805754 
605.160914 	 0.805458 
605.173576 	 0.806060 
605.548276 	 0.806214 
605.943813 	 0.805866 
606.051554 	 0.806836 
606.388887 	 0.807119 
606.610866 	 0.808050 
606.982791 	 0.809659 
607.621221 	 0.808817 
607.624063 	 0.808913 
607.654225 	 0.810855 
608.256617 	 0.810170 
608.292443 	 0.810708 
608.470597 	 0.810484 
608.474558 	 0.811444 
608.768406 	 0.811158 
608.832852 	 0.811073 
608.886841 	 0.811001 
609.023839 	 0.810818 
610.004814 	 0.809514 
611.090528 	 0.808076 
611.220756 	 0.807904 
611.281466 	 0.807824 
611.310792 	 0.807785 
612.195615 	 0.806957 
612.403374 	 0.806909 
612.472655 	 0.806917 
612.533472 	 0.807812 
613.130745 	 0.807136 
613.198786 	 0.807047 
613.451634 	 0.806714 
613.785218 	 0.806276 
613.924516 	 0.806093 
614.174102 	 0.805765 
614.598364 	 0.805209 
614.824378 	 0.804913 
615.578228 	 0.803927 
616.316158 	 0.802965 
616.333924 	 0.802941 
616.549692 	 0.802660 
616.917568 	 0.802182 
617.117314 	 0.801922 
617.280245 	 0.801710 
617.326516 	 0.801835 
617.440743 	 0.802809 
617.787053 	 0.802400 
617.812273 	 0.802913 
618.149957 	 0.802475 
618.243338 	 0.802354 
619.332368 	 0.800943 
619.749303 	 0.800404 
619.790671 	 0.800351 
619.933789 	 0.800166 
620.293399 	 0.799702 
620.381276 	 0.799589 
620.498745 	 0.800449 
621.126768 	 0.799705 
621.167300 	 0.799708 
621.201492 	 0.799705 
621.226655 	 0.801333 
622.258109 	 0.800117 
622.328371 	 0.800196 
622.433781 	 0.800461 
622.558251 	 0.801532 
623.324963 	 0.800700 
623.420578 	 0.801034 
623.705571 	 0.800708 
623.718095 	 0.801968 
624.115975 	 0.801666 
624.181362 	 0.801981 
624.430143 	 0.801866 
624.558029 	 0.801998 
624.743017 	 0.801839 
624.792016 	 0.801776 
624.798599 	 0.801768 
625.013377 	 0.801492 
625.920705 	 0.800330 
626.383469 	 0.802257 
627.960428 	 0.800627 
628.202041 	 0.800611 
628.385526 	 0.800536 
628.485447 	 0.800629 
628.623683 	 0.800945 
628.778282 	 0.801303 
628.953023 	 0.801390 
629.050284 	 0.801268 
629.050789 	 0.802031 
629.291073 	 0.801938 
629.358059 	 0.804171 
630.087776 	 0.803658 
630.219338 	 0.804755 
630.485091 	 0.804696 
630.543957 	 0.805358 
630.698838 	 0.807747 
631.514560 	 0.806949 
631.592255 	 0.807390 
631.762851 	 0.807244 
631.785646 	 0.811120 
633.019297 	 0.810658 
633.373279 	 0.811482 
633.777672 	 0.811135 
633.886185 	 0.810997 
633.995132 	 0.810857 
634.994105 	 0.809582 
636.123711 	 0.808144 
637.163104 	 0.806826 
637.252051 	 0.806713 
637.732635 	 0.806105 
637.830820 	 0.805981 
638.071854 	 0.805677 
638.535708 	 0.805091 
638.779990 	 0.804783 
639.147823 	 0.804320 
639.185127 	 0.804273 
639.224462 	 0.804224 
639.263498 	 0.804536 
639.494640 	 0.804449 
639.559828 	 0.804526 
639.661436 	 0.804745 
639.883274 	 0.804619 
639.981060 	 0.804496 
640.432465 	 0.803929 
640.497667 	 0.804022 
640.609727 	 0.804361 
640.916831 	 0.804128 
641.014541 	 0.805650 
642.068581 	 0.804774 
642.355483 	 0.805058 
642.768901 	 0.804924 
643.015182 	 0.804864 
643.174872 	 0.805227 
643.536925 	 0.804878 
643.603952 	 0.805105 
643.804097 	 0.804942 
643.860213 	 0.806177 
644.700542 	 0.805532 
644.962219 	 0.805250 
644.990986 	 0.805971 
645.479135 	 0.805922 
645.841404 	 0.807541 
646.509970 	 0.806906 
646.639741 	 0.808060 
647.490827 	 0.807215 
647.631164 	 0.807231 
647.754910 	 0.807384 
647.953844 	 0.807492 
648.184621 	 0.807308 
648.251550 	 0.807390 
648.358538 	 0.807410 
648.457828 	 0.807368 
648.511169 	 0.807321 
648.523565 	 0.807306 
648.535509 	 0.807291 
649.317783 	 0.806318 
649.495546 	 0.806098 
649.741098 	 0.805793 
649.756069 	 0.805774 
651.401532 	 0.803919 
651.518813 	 0.804238 
651.821066 	 0.804677 
652.085649 	 0.805703 
652.526641 	 0.805167 
652.532425 	 0.805160 
654.055108 	 0.803286 
654.093655 	 0.803239 
654.481386 	 0.803033 
654.658569 	 0.803670 
655.217882 	 0.803051 
655.261381 	 0.803145 
655.358143 	 0.803046 
655.370627 	 0.803642 
655.771718 	 0.803838 
656.222429 	 0.805540 
657.701351 	 0.803891 
657.808631 	 0.804291 
658.157737 	 0.805176 
659.021156 	 0.804882 
659.522315 	 0.804379 
659.594313 	 0.804582 
659.785771 	 0.804433 
659.841383 	 0.804952 
660.228797 	 0.804516 
660.252835 	 0.804555 
660.297783 	 0.804745 
660.459350 	 0.804672 
660.541565 	 0.804617 
660.556345 	 0.806149 
661.068228 	 0.808968 
662.206278 	 0.810365 
663.129226 	 0.809422 
663.190509 	 0.809543 
663.255389 	 0.810351 
663.549564 	 0.811226 
663.822600 	 0.810961 
663.837943 	 0.811126 
663.878523 	 0.812279 
664.144585 	 0.812365 
664.235632 	 0.813002 
664.401461 	 0.813949 
664.783531 	 0.813687 
664.851652 	 0.813963 
664.971387 	 0.814606 
665.496044 	 0.814436 
665.810450 	 0.814052 
666.095120 	 0.813704 
666.182227 	 0.813597 
666.435111 	 0.813288 
666.453337 	 0.813266 
667.694503 	 0.811754 
667.716747 	 0.811727 
668.323716 	 0.810990 
668.570514 	 0.810691 
668.792597 	 0.810422 
668.810590 	 0.810400 
668.938304 	 0.810245 
668.968475 	 0.810209 
669.395778 	 0.809691 
669.519394 	 0.809542 
669.676746 	 0.809352 
670.613940 	 0.808221 
670.880808 	 0.807899 
670.884786 	 0.807894 
671.021824 	 0.807729 
671.530015 	 0.807118 
671.646604 	 0.806978 
672.339892 	 0.806146 
672.551878 	 0.805900 
672.557382 	 0.805911 
672.569541 	 0.808368 
674.231468 	 0.806596 
674.380484 	 0.806740 
674.597899 	 0.806934 
674.903891 	 0.807168 
675.106204 	 0.807422 
675.273644 	 0.807300 
675.299948 	 0.807597 
675.522271 	 0.807332 
675.974820 	 0.808386 
677.052993 	 0.807250 
677.155356 	 0.807247 
677.235943 	 0.807589 
677.532939 	 0.807816 
677.926391 	 0.807676 
678.149493 	 0.807419 
678.155297 	 0.808152 
678.657185 	 0.808587 
679.358053 	 0.807800 
679.389538 	 0.807885 
679.473041 	 0.807863 
679.525635 	 0.808341 
679.892935 	 0.807941 
679.917647 	 0.808123 
680.061739 	 0.807980 
680.080449 	 0.808336 
680.337849 	 0.808058 
680.356529 	 0.809068 
681.059311 	 0.809138 
681.675572 	 0.809003 
682.082011 	 0.808682 
682.191789 	 0.809493 
682.833776 	 0.809375 
683.273021 	 0.808962 
683.346298 	 0.808921 
683.377410 	 0.809235 
683.617374 	 0.809000 
683.650840 	 0.809561 
684.061255 	 0.809093 
684.073544 	 0.809870 
684.615335 	 0.809455 
684.769681 	 0.809529 
684.945435 	 0.809369 
684.978314 	 0.809401 
685.002280 	 0.810819 
685.497937 	 0.810380 
685.548341 	 0.810446 
685.591434 	 0.810647 
685.677705 	 0.811036 
685.845990 	 0.813613 
686.798038 	 0.812906 
686.942543 	 0.812927 
687.074452 	 0.813433 
687.529395 	 0.812934 
687.556408 	 0.814306 
688.521389 	 0.814158 
689.205479 	 0.813472 
689.289229 	 0.813476 
689.360183 	 0.813392 
689.738841 	 0.812945 
690.019919 	 0.812614 
690.116969 	 0.812500 
690.409147 	 0.812156 
690.690279 	 0.811826 
691.031638 	 0.811425 
691.154161 	 0.811281 
691.214358 	 0.811487 
691.405719 	 0.812490 
692.254481 	 0.812563 
692.994627 	 0.812362 
693.225691 	 0.812657 
693.421785 	 0.812796 
693.549621 	 0.812718 
693.574694 	 0.812724 
693.586983 	 0.812978 
693.772779 	 0.812760 
693.806081 	 0.812721 
693.929933 	 0.812576 
694.234512 	 0.812220 
694.292930 	 0.812151 
695.505257 	 0.810736 
696.429702 	 0.809659 
696.546645 	 0.809523 
696.886512 	 0.809129 
696.915519 	 0.809299 
697.057598 	 0.809257 
697.143464 	 0.810536 
698.104629 	 0.809585 
698.219630 	 0.811794 
699.855238 	 0.810857 
700.527226 	 0.810462 
700.795131 	 0.810835 
701.273676 	 0.811360 
702.029797 	 0.811157 
702.501079 	 0.810971 
702.752571 	 0.811609 
703.405337 	 0.810862 
703.409265 	 0.811257 
703.690634 	 0.811968 
704.418821 	 0.811241 
704.498183 	 0.811618 
704.827962 	 0.811278 
704.856327 	 0.811302 
704.896308 	 0.811472 
705.048519 	 0.811559 
705.233090 	 0.812479 
705.632321 	 0.812601 
705.837806 	 0.812552 
705.904009 	 0.812612 
706.000002 	 0.812778 
706.194799 	 0.812741 
706.327029 	 0.813276 
706.812819 	 0.812717 
706.895293 	 0.812623 
707.098383 	 0.812389 
708.638519 	 0.810623 
708.652699 	 0.810607 
708.940471 	 0.810278 
709.281926 	 0.809888 
709.374311 	 0.809783 
709.385555 	 0.809770 
710.040060 	 0.809023 
710.655212 	 0.808323 
710.846044 	 0.808106 
710.852061 	 0.808099 
711.271758 	 0.807622 
711.959830 	 0.806842 
712.030049 	 0.806762 
712.235505 	 0.806893 
712.494142 	 0.806836 
712.662415 	 0.806786 
712.762818 	 0.807288 
713.201597 	 0.806845 
713.239640 	 0.807124 
713.469444 	 0.806928 
713.514665 	 0.809851 
714.575932 	 0.810153 
715.113444 	 0.810061 
715.298220 	 0.810621 
715.573502 	 0.812061 
716.200398 	 0.812147 
716.485392 	 0.812656 
716.783514 	 0.812902 
716.992792 	 0.813016 
717.118888 	 0.815571 
718.086214 	 0.815650 
718.931973 	 0.814946 
719.115343 	 0.814738 
719.121512 	 0.814731 
719.340127 	 0.815867 
720.335889 	 0.815767 
721.076133 	 0.815260 
721.314207 	 0.815021 
721.335875 	 0.815482 
721.686446 	 0.816287 
722.552664 	 0.815394 
722.614500 	 0.815782 
722.945560 	 0.815512 
723.020759 	 0.815590 
723.079527 	 0.815659 
723.128360 	 0.816196 
723.556492 	 0.816037 
723.791210 	 0.815773 
724.027458 	 0.815507 
724.072846 	 0.815455 
724.489783 	 0.814986 
724.928461 	 0.814493 
725.223574 	 0.814161 
725.672268 	 0.813658 
725.885986 	 0.813419 
726.189702 	 0.813078 
726.365502 	 0.812882 
727.153886 	 0.812000 
727.208380 	 0.811939 
727.262428 	 0.811879 
727.325112 	 0.811809 
727.458600 	 0.811660 
727.483588 	 0.811632 
727.956611 	 0.811105 
728.431182 	 0.810576 
728.437589 	 0.810569 
728.664439 	 0.810317 
728.713248 	 0.810263 
728.869444 	 0.810089 
728.935164 	 0.810016 
729.313556 	 0.809596 
730.498424 	 0.808283 
730.617526 	 0.808151 
730.984741 	 0.807745 
731.162397 	 0.807549 
731.705676 	 0.806949 
731.751588 	 0.806898 
732.402255 	 0.806181 
732.872725 	 0.805664 
732.882768 	 0.805653 
733.114774 	 0.807420 
734.597231 	 0.806520 
735.132976 	 0.805968 
735.159390 	 0.805939 
735.159542 	 0.805949 
735.166652 	 0.805971 
735.177494 	 0.806325 
735.312204 	 0.806695 
735.502670 	 0.806788 
735.613620 	 0.807470 
735.908988 	 0.807580 
736.069029 	 0.808576 
736.500210 	 0.808444 
736.625897 	 0.808430 
736.716887 	 0.809491 
737.572304 	 0.808552 
738.388059 	 0.808147 
738.748236 	 0.808575 
739.355582 	 0.808012 
739.392986 	 0.808073 
739.430561 	 0.808991 
739.785222 	 0.808806 
739.860275 	 0.809450 
740.128886 	 0.810094 
740.360204 	 0.809872 
740.371753 	 0.810861 
740.742574 	 0.810680 
740.909132 	 0.810994 
741.276905 	 0.811036 
741.605870 	 0.810779 
741.682195 	 0.811293 
742.125762 	 0.810855 
742.160361 	 0.811109 
742.376484 	 0.811357 
742.556466 	 0.811231 
742.582746 	 0.811348 
742.690809 	 0.811542 
742.922738 	 0.811298 
742.929449 	 0.811291 
742.950054 	 0.811268 
743.101704 	 0.811103 
743.639002 	 0.810517 
743.729161 	 0.810418 
744.052139 	 0.810067 
744.122944 	 0.809990 
744.328488 	 0.809766 
744.549130 	 0.809526 
744.646600 	 0.809516 
744.717973 	 0.809753 
744.952581 	 0.810250 
745.232482 	 0.810689 
745.417117 	 0.812678 
746.233458 	 0.812300 
746.614848 	 0.811885 
746.640968 	 0.811857 
746.865887 	 0.811612 
747.434550 	 0.810995 
748.319161 	 0.810036 
748.616457 	 0.810347 
749.089841 	 0.809924 
749.156845 	 0.809936 
749.219888 	 0.810528 
749.714607 	 0.810327 
749.964811 	 0.810206 
750.076849 	 0.810109 
750.095199 	 0.810659 
750.521942 	 0.811020 
751.138824 	 0.810913 
751.558974 	 0.810893 
751.885117 	 0.810611 
751.937465 	 0.810674 
751.982115 	 0.810676 
752.000967 	 0.811141 
752.183487 	 0.811191 
752.276461 	 0.812511 
752.810725 	 0.812692 
753.095878 	 0.812739 
753.229258 	 0.813004 
753.383464 	 0.813727 
753.718417 	 0.813737 
753.998330 	 0.813435 
754.126242 	 0.813297 
754.187148 	 0.813231 
754.483577 	 0.812912 
754.488125 	 0.812907 
755.095060 	 0.812636 
755.384190 	 0.812941 
755.849593 	 0.813738 
756.829882 	 0.813313 
757.306012 	 0.812804 
757.307894 	 0.813297 
757.683214 	 0.812980 
757.747558 	 0.814706 
759.108365 	 0.813608 
759.383467 	 0.813529 
759.547335 	 0.813932 
759.766762 	 0.814616 
760.115994 	 0.815014 
760.409707 	 0.815010 
760.527695 	 0.815788 
760.756896 	 0.816379 
760.969258 	 0.817683 
761.357738 	 0.817999 
761.543849 	 0.821425 
762.464311 	 0.820860 
762.572811 	 0.821750 
762.828592 	 0.822355 
763.052527 	 0.823563 
763.421264 	 0.823690 
763.554647 	 0.826505 
764.307685 	 0.827460 
764.758530 	 0.827080 
764.785928 	 0.827271 
764.842282 	 0.827277 
764.859305 	 0.828319 
765.129806 	 0.828468 
765.242482 	 0.828420 
765.270534 	 0.828420 
765.294240 	 0.828469 
765.351320 	 0.828407 
765.370070 	 0.828387 
765.513568 	 0.828232 
765.639970 	 0.828095 
765.841643 	 0.828041 
765.967125 	 0.828746 
766.288980 	 0.829119 
766.565602 	 0.829374 
766.990110 	 0.828915 
767.281029 	 0.828615 
767.291621 	 0.828709 
767.373121 	 0.828825 
767.529330 	 0.829304 
768.026217 	 0.829526 
768.609301 	 0.830431 
769.788638 	 0.829542 
769.936134 	 0.829901 
770.135502 	 0.829784 
770.210578 	 0.830226 
770.613348 	 0.829928 
770.718507 	 0.830235 
771.041947 	 0.829931 
771.076469 	 0.830009 
771.165273 	 0.829914 
771.355595 	 0.829709 
771.425539 	 0.829634 
772.175679 	 0.828828 
772.700167 	 0.828265 
772.834028 	 0.828122 
773.054577 	 0.827886 
773.352376 	 0.827567 
773.543337 	 0.827362 
773.791895 	 0.827097 
774.065750 	 0.826804 
774.211764 	 0.826648 
774.418145 	 0.826428 
774.929025 	 0.825883 
775.008120 	 0.825799 
775.134922 	 0.825664 
775.480456 	 0.825296 
776.131931 	 0.824603 
776.525327 	 0.824185 
776.544248 	 0.824165 
777.210629 	 0.823459 
777.562735 	 0.823086 
777.788124 	 0.823308 
778.146401 	 0.823628 
778.690753 	 0.823599 
779.116515 	 0.823150 
779.117487 	 0.823353 
779.276442 	 0.823246 
779.323594 	 0.823290 
779.396588 	 0.823572 
779.676659 	 0.823728 
780.029236 	 0.823572 
780.197656 	 0.823415 
780.214174 	 0.823529 
780.316399 	 0.823787 
780.601531 	 0.823773 
780.825618 	 0.824090 
781.041808 	 0.824049 
781.090479 	 0.824409 
781.197591 	 0.825307 
781.460785 	 0.825202 
781.528676 	 0.825955 
781.850862 	 0.825724 
781.936210 	 0.826408 
782.541786 	 0.826865 
783.399694 	 0.825960 
783.923663 	 0.825408 
784.386714 	 0.825682 
784.983978 	 0.826006 
785.731762 	 0.825231 
785.736051 	 0.825331 
785.777267 	 0.826422 
786.222746 	 0.827091 
786.669685 	 0.826705 
786.735682 	 0.826760 
786.834037 	 0.826946 
787.061814 	 0.827177 
787.431733 	 0.826946 
787.493877 	 0.827032 
787.553128 	 0.826983 
787.563751 	 0.827168 
787.718525 	 0.827804 
788.347053 	 0.827272 
788.448447 	 0.827204 
788.478638 	 0.827184 
788.487435 	 0.827238 
788.537516 	 0.827288 
788.618498 	 0.827249 
788.654777 	 0.827211 
788.773478 	 0.827087 
788.993431 	 0.826856 
789.168230 	 0.826719 
789.205068 	 0.826681 
790.087314 	 0.825758 
790.191730 	 0.825649 
790.201145 	 0.825639 
790.506785 	 0.825320 
790.836519 	 0.825290 
791.085201 	 0.825097 
791.137863 	 0.825097 
791.181126 	 0.825076 
791.200202 	 0.825406 
791.477350 	 0.825272 
791.599922 	 0.825675 
792.019842 	 0.825453 
792.191114 	 0.825453 
792.332061 	 0.825778 
792.706049 	 0.825799 
793.031626 	 0.825909 
793.387386 	 0.825641 
793.469264 	 0.825725 
793.603458 	 0.826145 
793.825543 	 0.825962 
793.863749 	 0.825963 
793.895703 	 0.825930 
794.929307 	 0.824856 
795.123640 	 0.824654 
795.590710 	 0.824170 
795.704466 	 0.824052 
795.992893 	 0.823754 
796.000432 	 0.823746 
796.043115 	 0.823702 
796.204320 	 0.823535 
796.327536 	 0.823510 
796.409464 	 0.823888 
796.777713 	 0.824236 
797.358462 	 0.823977 
797.630517 	 0.824205 
798.036920 	 0.823889 
798.077951 	 0.823911 
798.103910 	 0.824176 
798.220392 	 0.824059 
798.223076 	 0.824057 
798.417269 	 0.823856 
798.454917 	 0.823817 
798.583944 	 0.823684 
798.598139 	 0.823670 
799.923002 	 0.822305 
800.409258 	 0.821806 
800.737882 	 0.821469 
800.920883 	 0.821281 
800.923890 	 0.821278 
801.346743 	 0.820844 
802.614105 	 0.819548 
804.153735 	 0.817979 
804.311208 	 0.817819 
804.605091 	 0.817520 
804.671598 	 0.817453 
804.727160 	 0.817396 
805.332979 	 0.816781 
805.839958 	 0.816268 
806.814139 	 0.815570 
807.046423 	 0.817072 
808.447786 	 0.815798 
808.562927 	 0.815856 
808.704387 	 0.815965 
808.907781 	 0.816435 
809.453959 	 0.815970 
809.523646 	 0.816148 
809.724231 	 0.816204 
809.933116 	 0.816131 
810.044823 	 0.816211 
810.200315 	 0.816949 
810.925354 	 0.816885 
811.465593 	 0.816975 
811.980551 	 0.817336 
812.694297 	 0.816833 
812.868440 	 0.817100 
813.228319 	 0.816749 
813.232265 	 0.817174 
813.581767 	 0.817274 
813.948220 	 0.817085 
814.094022 	 0.817353 
814.431071 	 0.817135 
814.529670 	 0.817560 
814.956069 	 0.818150 
815.785741 	 0.817925 
816.280318 	 0.817690 
816.493274 	 0.818168 
817.057774 	 0.817800 
817.219051 	 0.818435 
817.869906 	 0.817950 
818.006221 	 0.818671 
818.356554 	 0.818763 
818.477392 	 0.819964 
818.837915 	 0.820476 
819.076240 	 0.820433 
819.156266 	 0.820427 
819.186919 	 0.820579 
819.261633 	 0.822789 
819.885609 	 0.822246 
819.908228 	 0.823103 
820.148751 	 0.822994 
820.203187 	 0.823565 
820.715907 	 0.823050 
820.790033 	 0.822976 
820.807324 	 0.822959 
821.020037 	 0.822745 
821.395183 	 0.822370 
821.608002 	 0.822157 
821.661425 	 0.822103 
822.195564 	 0.821569 
822.737885 	 0.821028 
822.773959 	 0.820992 
822.815257 	 0.820950 
822.967672 	 0.820798 
822.989714 	 0.820776 
824.827876 	 0.818947 
825.362288 	 0.818417 
825.431428 	 0.818348 
825.741327 	 0.818041 
826.146200 	 0.817640 
826.389111 	 0.817400 
826.638956 	 0.817188 
826.668064 	 0.817682 
827.100276 	 0.817918 
827.648371 	 0.817388 
827.658593 	 0.818969 
828.974981 	 0.817849 
829.124834 	 0.818012 
829.382886 	 0.817922 
829.519078 	 0.817870 
829.586818 	 0.818262 
829.777398 	 0.818142 
829.833967 	 0.818087 
830.260988 	 0.817666 
830.886803 	 0.817050 
830.949453 	 0.816988 
831.141036 	 0.817359 
831.605548 	 0.817758 
832.317324 	 0.818389 
833.424241 	 0.817330 
833.447405 	 0.817364 
833.495163 	 0.817509 
833.655072 	 0.817457 
833.742239 	 0.817467 
833.821433 	 0.817644 
834.034451 	 0.817622 
834.189473 	 0.818311 
834.891391 	 0.818030 
835.230802 	 0.817836 
835.347123 	 0.818431 
835.938980 	 0.817866 
835.951196 	 0.817921 
836.007236 	 0.817972 
836.095371 	 0.818275 
836.420727 	 0.818369 
836.765835 	 0.819390 
837.902251 	 0.818895 
838.418793 	 0.819277 
839.162481 	 0.818589 
839.194329 	 0.819172 
839.709491 	 0.819087 
840.060313 	 0.818844 
840.142894 	 0.818965 
840.312216 	 0.819145 
840.602127 	 0.819029 
840.742655 	 0.818961 
840.800292 	 0.819356 
841.179394 	 0.819132 
841.240607 	 0.819951 
841.610305 	 0.819772 
841.762370 	 0.819884 
841.981188 	 0.820258 
842.475961 	 0.819994 
842.659138 	 0.819949 
842.771786 	 0.820421 
843.261652 	 0.819976 
843.288444 	 0.820055 
843.376544 	 0.821154 
844.375639 	 0.820248 
844.431729 	 0.820348 
844.561954 	 0.821349 
845.514323 	 0.821256 
846.217871 	 0.821199 
846.747308 	 0.820869 
846.902790 	 0.820718 
847.001501 	 0.820623 
847.607346 	 0.820036 
847.657924 	 0.820483 
848.077754 	 0.820425 
848.373229 	 0.820480 
848.662440 	 0.820616 
849.015138 	 0.821437 
850.001894 	 0.821062 
850.493158 	 0.820598 
850.502207 	 0.821242 
851.057521 	 0.820820 
851.154322 	 0.821174 
851.534676 	 0.821182 
851.854218 	 0.821538 
852.419371 	 0.821357 
852.729808 	 0.821377 
853.002049 	 0.822975 
854.588380 	 0.822008 
855.067471 	 0.821917 
855.383942 	 0.822344 
856.008863 	 0.821843 
856.093800 	 0.822066 
856.354915 	 0.821917 
856.441866 	 0.822003 
856.587302 	 0.821878 
856.599210 	 0.822091 
856.791320 	 0.822044 
856.909716 	 0.822442 
857.128803 	 0.822507 
857.246846 	 0.822654 
857.358153 	 0.824144 
858.042690 	 0.823532 
858.081918 	 0.823836 
858.374978 	 0.823720 
858.517187 	 0.824220 
859.063411 	 0.823696 
859.128359 	 0.823634 
859.293670 	 0.823934 
859.687731 	 0.823767 
859.778430 	 0.824133 
859.973005 	 0.824068 
860.077097 	 0.824234 
860.306080 	 0.824015 
860.547801 	 0.823783 
860.829443 	 0.823514 
861.273370 	 0.823089 
862.452020 	 0.821964 
862.595798 	 0.822290 
862.994696 	 0.821989 
863.062757 	 0.822317 
863.401702 	 0.823898 
864.223739 	 0.824200 
864.692892 	 0.824095 
864.840858 	 0.825544 
865.528310 	 0.824935 
865.548419 	 0.825515 
865.807829 	 0.827623 
866.827381 	 0.826895 
867.040512 	 0.827037 
867.339878 	 0.826763 
867.349460 	 0.826754 
867.546538 	 0.826566 
867.743775 	 0.826378 
868.196109 	 0.825947 
868.634572 	 0.826140 
869.163758 	 0.826406 
869.832763 	 0.826214 
870.218759 	 0.826056 
870.399985 	 0.826178 
870.655893 	 0.825940 
870.659858 	 0.826181 
870.872550 	 0.826184 
871.051148 	 0.826728 
871.673019 	 0.826245 
871.765712 	 0.826401 
871.978505 	 0.826250 
872.000460 	 0.826590 
872.157715 	 0.826533 
872.238491 	 0.826597 
872.360898 	 0.826644 
872.502965 	 0.826515 
872.507921 	 0.826804 
872.764421 	 0.827563 
873.201368 	 0.828011 
873.954805 	 0.827298 
874.434067 	 0.826844 
874.528988 	 0.826754 
874.703956 	 0.826589 
875.426373 	 0.825907 
875.796164 	 0.825558 
875.912315 	 0.825449 
876.063923 	 0.825306 
876.131989 	 0.825242 
876.287276 	 0.825095 
876.778896 	 0.824633 
877.252947 	 0.824187 
877.448078 	 0.824004 
877.537999 	 0.823919 
877.599734 	 0.823862 
877.600653 	 0.825013 
878.611717 	 0.824475 
878.973256 	 0.824418 
879.221634 	 0.824608 
879.592861 	 0.824365 
879.685944 	 0.824749 
880.099881 	 0.825098 
880.748930 	 0.824520 
880.774865 	 0.825423 
881.592180 	 0.824788 
881.706559 	 0.826238 
883.079460 	 0.825607 
883.656781 	 0.825114 
883.697659 	 0.825168 
883.779190 	 0.825232 
883.903216 	 0.826865 
885.448471 	 0.825513 
885.529502 	 0.825754 
885.809566 	 0.826258 
886.487679 	 0.825688 
886.542625 	 0.825965 
886.833312 	 0.826090 
887.183969 	 0.826818 
888.120049 	 0.826193 
888.338826 	 0.826061 
888.402089 	 0.826292 
888.659938 	 0.826698 
889.233345 	 0.826821 
889.525259 	 0.827123 
889.780130 	 0.827203 
890.062444 	 0.826949 
890.069229 	 0.828097 
891.096503 	 0.827142 
891.799566 	 0.826490 
892.463227 	 0.825875 
893.721875 	 0.824712 
894.263106 	 0.824213 
894.885742 	 0.823640 
896.501959 	 0.822801 
897.080994 	 0.822363 
897.164632 	 0.822858 
897.677646 	 0.822417 
897.704328 	 0.822691 
897.971520 	 0.822875 
898.357353 	 0.823189 
898.956518 	 0.823655 
899.868923 	 0.823508 
900.178608 	 0.823557 
900.477326 	 0.823362 
900.548124 	 0.823484 
900.716215 	 0.824065 
901.377429 	 0.823591 
901.495127 	 0.823807 
901.787185 	 0.823625 
901.863359 	 0.823648 
901.946822 	 0.823597 
901.969866 	 0.823576 
902.362700 	 0.823218 
902.936122 	 0.822695 
903.070090 	 0.822573 
903.457957 	 0.822220 
903.693833 	 0.822005 
903.737813 	 0.822282 
904.024671 	 0.822209 
904.193747 	 0.822640 
904.723088 	 0.823492 
905.929091 	 0.822917 
906.401517 	 0.822670 
906.566618 	 0.823097 
906.828067 	 0.823216 
906.989385 	 0.823398 
907.287343 	 0.823198 
907.351094 	 0.823765 
907.634895 	 0.823926 
907.824718 	 0.824406 
908.416512 	 0.824152 
908.673438 	 0.823919 
909.261863 	 0.823385 
909.294755 	 0.823356 
909.421864 	 0.823240 
909.424155 	 0.823238 
909.508684 	 0.823162 
909.664979 	 0.823020 
909.785816 	 0.822911 
911.505129 	 0.821359 
911.635261 	 0.821242 
911.676668 	 0.821204 
911.824962 	 0.821071 
912.142845 	 0.820785 
912.152262 	 0.820776 
912.754066 	 0.820235 
913.264590 	 0.819777 
913.499109 	 0.819566 
913.614226 	 0.819463 
913.622950 	 0.819455 
913.834844 	 0.819265 
913.854422 	 0.819247 
913.874254 	 0.819230 
913.983660 	 0.819132 
914.003968 	 0.819113 
914.187579 	 0.818949 
914.546106 	 0.818628 
914.641605 	 0.818542 
914.642250 	 0.818542 
915.116485 	 0.818118 
915.468837 	 0.817803 
915.801001 	 0.817506 
915.926881 	 0.817394 
916.222095 	 0.817130 
916.497278 	 0.816885 
918.130192 	 0.815432 
919.173368 	 0.814507 
919.410952 	 0.814296 
919.734424 	 0.814010 
919.891548 	 0.813871 
919.913432 	 0.813851 
919.934943 	 0.813832 
920.073314 	 0.813710 
920.522907 	 0.813313 
920.587185 	 0.813256 
920.741968 	 0.813119 
920.774842 	 0.813090 
920.877121 	 0.813000 
920.926733 	 0.812956 
920.931767 	 0.812952 
921.140366 	 0.812767 
921.580193 	 0.812380 
921.599798 	 0.812362 
921.790372 	 0.812194 
921.801191 	 0.812185 
921.949107 	 0.812054 
922.263565 	 0.812393 
922.831331 	 0.812370 
923.270845 	 0.812112 
923.330324 	 0.812120 
923.385990 	 0.812551 
923.829623 	 0.812952 
924.194988 	 0.813117 
924.419609 	 0.813169 
924.650828 	 0.812966 
924.738397 	 0.812889 
924.972398 	 0.812683 
925.263652 	 0.812427 
925.275482 	 0.812417 
925.710583 	 0.812035 
925.928282 	 0.811844 
926.055824 	 0.811732 
927.458231 	 0.810505 
927.769527 	 0.810233 
927.803603 	 0.810203 
928.066985 	 0.809973 
929.430262 	 0.808785 
929.876105 	 0.808398 
930.108391 	 0.808196 
930.179729 	 0.808134 
930.393410 	 0.807948 
931.582808 	 0.806917 
931.715232 	 0.807169 
932.057606 	 0.807320 
932.474090 	 0.807245 
932.740414 	 0.807303 
933.009662 	 0.807505 
933.415921 	 0.807435 
933.678002 	 0.807260 
933.726363 	 0.807694 
934.170656 	 0.807537 
934.383082 	 0.807615 
934.627447 	 0.807914 
935.103908 	 0.807950 
935.313531 	 0.807950 
935.482308 	 0.807804 
935.485856 	 0.807801 
935.893877 	 0.807449 
936.112065 	 0.807261 
936.449946 	 0.806969 
937.412456 	 0.806141 
937.645258 	 0.805941 
937.906537 	 0.805716 
938.056675 	 0.805909 
938.358797 	 0.805941 
938.631810 	 0.805989 
938.897020 	 0.805950 
939.074217 	 0.805808 
939.079244 	 0.806618 
939.333964 	 0.806917 
939.577223 	 0.807634 
940.012088 	 0.807309 
940.034883 	 0.807545 
940.155377 	 0.808114 
940.366062 	 0.809108 
940.734332 	 0.809157 
940.848921 	 0.811586 
941.641653 	 0.811178 
941.727958 	 0.811176 
941.750812 	 0.811168 
941.756482 	 0.811565 
941.945613 	 0.811564 
942.098107 	 0.813385 
943.017468 	 0.813062 
943.239166 	 0.813112 
943.467272 	 0.812916 
944.026582 	 0.812434 
944.459427 	 0.812062 
945.181039 	 0.813267 
946.905644 	 0.811785 
946.961686 	 0.811737 
947.698875 	 0.811106 
947.928435 	 0.810909 
948.019490 	 0.810832 
948.511941 	 0.810411 
948.649356 	 0.810293 
948.800310 	 0.810164 
949.792026 	 0.809318 
949.956829 	 0.809210 
949.987302 	 0.809854 
950.623401 	 0.810167 
951.436418 	 0.810774 
952.672897 	 0.810019 
952.955604 	 0.810161 
953.320082 	 0.809911 
953.377551 	 0.810046 
953.552494 	 0.810996 
954.076415 	 0.810782 
954.296751 	 0.810595 
954.614946 	 0.810325 
954.640068 	 0.810303 
955.073671 	 0.809935 
955.725739 	 0.809383 
956.974325 	 0.808327 
957.231786 	 0.808109 
958.135444 	 0.807347 
958.259953 	 0.807242 
958.609330 	 0.806948 
958.770045 	 0.806826 
958.782484 	 0.806953 
958.914732 	 0.807026 
959.091366 	 0.807034 
959.241023 	 0.807174 
959.496040 	 0.807858 
959.927324 	 0.808118 
960.226235 	 0.808111 
960.461118 	 0.808012 
960.508429 	 0.808004 
960.539193 	 0.808159 
960.713240 	 0.808013 
960.873237 	 0.807878 
961.056615 	 0.807724 
961.324008 	 0.807500 
961.555924 	 0.807305 
961.791643 	 0.807107 
961.822275 	 0.807081 
962.320419 	 0.806663 
962.939340 	 0.806145 
963.522230 	 0.805657 
963.818597 	 0.805410 
963.844526 	 0.805388 
964.081049 	 0.805190 
964.103866 	 0.805171 
964.408473 	 0.804917 
964.514383 	 0.804828 
964.576046 	 0.806493 
966.231188 	 0.805341 
966.452903 	 0.805940 
966.831550 	 0.805766 
966.900081 	 0.805868 
966.977186 	 0.805960 
967.128356 	 0.805869 
967.145043 	 0.806171 
967.451104 	 0.805982 
967.514951 	 0.806158 
967.736076 	 0.805974 
967.849951 	 0.805879 
968.285393 	 0.805516 
968.302416 	 0.805502 
968.363895 	 0.805451 
969.424000 	 0.804570 
969.733392 	 0.804314 
969.936709 	 0.804145 
969.954012 	 0.804131 
969.992697 	 0.804098 
971.716352 	 0.802672 
971.963438 	 0.802468 
973.183736 	 0.801462 
973.945195 	 0.800835 
974.230200 	 0.800601 
975.385785 	 0.799652 
976.500012 	 0.798740 
976.573061 	 0.798850 
976.739061 	 0.799175 
977.188999 	 0.799002 
977.284229 	 0.799263 
977.614908 	 0.799139 
977.758384 	 0.799686 
978.407508 	 0.799354 
978.504661 	 0.801166 
980.355738 	 0.800132 
980.825088 	 0.799919 
980.991919 	 0.799827 
981.035106 	 0.799928 
981.168017 	 0.799819 
981.538750 	 0.799517 
982.092928 	 0.799066 
982.205927 	 0.798974 
982.945268 	 0.798373 
983.101197 	 0.798246 
983.263645 	 0.798115 
983.277241 	 0.798103 
983.708141 	 0.797754 
983.716056 	 0.797747 
984.319750 	 0.797258 
984.470479 	 0.797136 
984.965609 	 0.796735 
985.325998 	 0.796444 
985.470772 	 0.796327 
985.533104 	 0.796277 
985.585654 	 0.796247 
985.598565 	 0.797742 
987.081758 	 0.796921 
987.454587 	 0.796949 
987.780052 	 0.797650 
988.255961 	 0.797392 
988.318248 	 0.797917 
988.602142 	 0.797785 
988.650382 	 0.797847 
988.700111 	 0.798751 
989.166741 	 0.798597 
989.276962 	 0.799195 
989.503552 	 0.799656 
989.662825 	 0.799679 
989.713010 	 0.799880 
989.792685 	 0.799959 
989.840078 	 0.800233 
989.994705 	 0.800502 
990.189661 	 0.801059 
990.543119 	 0.801635 
990.970146 	 0.801728 
991.187354 	 0.801598 
991.210081 	 0.802773 
991.801678 	 0.805342 
992.809107 	 0.804554 
992.818856 	 0.805192 
993.032490 	 0.807261 
993.774792 	 0.806879 
993.884411 	 0.807150 
994.063487 	 0.807307 
994.213808 	 0.808793 
995.012946 	 0.808464 
995.172497 	 0.809506 
995.755752 	 0.809896 
996.042447 	 0.809692 
996.057059 	 0.809927 
996.303025 	 0.810076 
996.650477 	 0.809795 
996.651755 	 0.809912 
996.769929 	 0.809880 
996.801555 	 0.809896 
996.843091 	 0.809998 
996.978633 	 0.809888 
997.697229 	 0.809304 
997.975415 	 0.809079 
998.311796 	 0.808806 
998.631396 	 0.808547 
998.976769 	 0.808268 
999.025813 	 0.808228 
999.173205 	 0.808109 
999.465359 	 0.807873 
999.640909 	 0.807731 
999.675502 	 0.807703 
999.811515 	 0.808043 
1000.261590 	 0.807821 
1000.402968 	 0.807850 
1000.546056 	 0.807903 
1000.715064 	 0.808057 
1001.005707 	 0.808233 
1001.416458 	 0.808298 
1001.813779 	 0.808095 
1001.931295 	 0.808846 
1002.354880 	 0.808522 
1002.372765 	 0.809506 
1003.374245 	 0.809524 
1004.202798 	 0.809049 
1004.396317 	 0.808898 
1004.401746 	 0.808894 
1005.357784 	 0.808125 
1005.618036 	 0.807916 
1005.969957 	 0.807734 
1006.071039 	 0.807662 
1006.080301 	 0.807994 
1006.422607 	 0.807776 
1006.479407 	 0.807915 
1006.665154 	 0.808256 
1007.158146 	 0.807938 
1007.236245 	 0.807898 
1007.247824 	 0.808067 
1007.427506 	 0.809035 
1007.987771 	 0.808789 
1008.090283 	 0.809039 
1008.424837 	 0.808789 
1008.444277 	 0.808980 
1008.652142 	 0.808931 
1008.770692 	 0.808836 
1009.075746 	 0.809295 
1009.786274 	 0.808806 
1009.826544 	 0.809704 
1010.296312 	 0.810468 
1010.680486 	 0.810162 
1010.681713 	 0.810235 
1010.756077 	 0.810635 
1011.220266 	 0.810669 
1011.631775 	 0.810340 
1011.795882 	 0.810208 
1011.925066 	 0.810105 
1012.112135 	 0.809955 
1012.520281 	 0.809629 
1012.808531 	 0.809398 
1013.103930 	 0.809162 
1013.218273 	 0.809071 
1013.370175 	 0.810187 
1014.624135 	 0.809382 
1014.823425 	 0.809838 
1015.446899 	 0.809416 
1015.524048 	 0.809370 
1015.531657 	 0.809615 
1015.616787 	 0.810347 
1016.022727 	 0.810341 
1016.184282 	 0.811082 
1016.626111 	 0.811203 
1016.866693 	 0.812279 
1017.511606 	 0.811934 
1017.684541 	 0.811796 
1018.050540 	 0.811504 
1018.316830 	 0.811292 
1018.774409 	 0.810928 
1018.962396 	 0.810778 
1019.047578 	 0.810710 
1019.137360 	 0.810639 
1019.452676 	 0.810388 
1019.464911 	 0.810378 
1019.720548 	 0.810175 
1019.743041 	 0.810157 
1020.447867 	 0.809598 
1020.640897 	 0.809445 
1020.723785 	 0.809379 
1020.931215 	 0.809215 
1021.278297 	 0.809105 
1021.447313 	 0.809253 
1021.591252 	 0.809368 
1021.824741 	 0.809494 
1022.143405 	 0.809242 
1022.373788 	 0.809060 
1022.757426 	 0.809179 
1023.189918 	 0.808919 
1023.274025 	 0.808946 
1023.369348 	 0.809027 
1023.529314 	 0.808917 
1023.546334 	 0.809120 
1023.656820 	 0.809465 
1023.878272 	 0.809490 
1024.083191 	 0.809810 
1024.576687 	 0.809420 
1024.725957 	 0.809302 
1025.607820 	 0.808606 
1025.948577 	 0.808337 
1026.176298 	 0.808158 
1026.283335 	 0.808074 
1026.735214 	 0.807718 
1026.807167 	 0.807701 
1026.847876 	 0.807807 
1026.989244 	 0.807793 
1027.089342 	 0.808009 
1027.392292 	 0.807925 
1027.550901 	 0.807830 
1027.581225 	 0.808085 
1027.867133 	 0.808016 
1028.027808 	 0.808557 
1028.713184 	 0.808160 
1028.859476 	 0.808311 
1028.996274 	 0.808462 
1029.262388 	 0.808253 
1029.306793 	 0.808218 
1029.432121 	 0.808120 
1030.093962 	 0.807601 
1030.314879 	 0.807428 
1030.533801 	 0.807256 
1031.802628 	 0.806263 
1032.726835 	 0.805542 
1032.909262 	 0.805400 
1033.609754 	 0.804918 
1033.676435 	 0.805066 
1033.882363 	 0.805036 
1034.017904 	 0.806453 
1035.591546 	 0.805254 
1035.619487 	 0.805235 
1035.621910 	 0.805368 
1035.761324 	 0.805277 
1035.779377 	 0.805759 
1036.036491 	 0.805581 
1036.043966 	 0.805781 
1036.115140 	 0.808345 
1037.019978 	 0.807821 
1037.113882 	 0.807881 
1037.182971 	 0.807891 
1037.215776 	 0.808042 
1037.307681 	 0.807990 
1037.317697 	 0.808003 
1037.328610 	 0.808501 
1037.591216 	 0.808775 
1037.839168 	 0.808613 
1037.872432 	 0.808864 
1038.159309 	 0.808776 
1038.300627 	 0.808666 
1038.573585 	 0.808454 
1038.802876 	 0.808275 
1038.898686 	 0.808201 
1038.925541 	 0.808180 
1039.087594 	 0.808054 
1039.834743 	 0.807473 
1039.948464 	 0.807385 
1040.194678 	 0.807194 
1040.458362 	 0.806989 
1041.637244 	 0.806076 
1041.956943 	 0.806444 
1042.598039 	 0.806027 
1042.679957 	 0.806219 
1042.946369 	 0.806104 
1043.040851 	 0.806248 
1043.154119 	 0.807144 
1043.667185 	 0.806807 
1043.698419 	 0.807111 
1043.869959 	 0.807538 
1044.161696 	 0.807594 
1044.259877 	 0.809274 
1044.871158 	 0.809701 
1045.341289 	 0.809548 
1045.451874 	 0.809489 
1045.479926 	 0.809468 
1045.732674 	 0.809272 
1046.094057 	 0.808993 
1046.438727 	 0.808726 
1047.326131 	 0.808041 
1047.594094 	 0.807834 
1047.658306 	 0.807785 
1047.676880 	 0.807770 
1048.060841 	 0.807474 
1048.112002 	 0.807435 
1048.249153 	 0.807329 
1048.616308 	 0.807047 
1048.916090 	 0.806816 
1049.092834 	 0.806680 
1049.154585 	 0.806633 
1049.425475 	 0.806424 
1049.447327 	 0.806408 
1049.785359 	 0.806148 
1050.513113 	 0.805589 
1050.533666 	 0.805574 
1051.323885 	 0.804968 
1051.650754 	 0.804718 
1051.653458 	 0.804716 
1051.815203 	 0.804592 
1052.207284 	 0.804292 
1052.265975 	 0.804248 
1052.739556 	 0.803886 
1053.227231 	 0.803513 
1053.254988 	 0.803492 
1053.329337 	 0.803436 
1053.597386 	 0.803231 
1054.249470 	 0.802734 
1054.528664 	 0.802522 
1054.667801 	 0.802416 
1055.168855 	 0.802035 
1055.274721 	 0.801954 
1055.279169 	 0.801951 
1055.763247 	 0.801583 
1056.049363 	 0.801366 
1056.465883 	 0.801050 
1056.842722 	 0.800765 
1056.959991 	 0.800676 
1057.365639 	 0.800369 
1057.881488 	 0.800067 
1057.975187 	 0.800007 
1057.986292 	 0.800427 
1058.439709 	 0.800252 
1058.617604 	 0.800272 
1058.780878 	 0.800604 
1059.263912 	 0.800293 
1059.320389 	 0.800845 
1059.950534 	 0.801225 
1060.858321 	 0.800606 
1060.928743 	 0.801464 
1061.411959 	 0.801466 
1061.606712 	 0.801368 
1061.632617 	 0.801762 
1061.852190 	 0.802283 
1062.217042 	 0.802313 
1062.379013 	 0.802295 
1062.434675 	 0.802312 
1062.497439 	 0.802331 
1062.567845 	 0.802627 
1062.938637 	 0.802347 
1062.976488 	 0.802318 
1063.120499 	 0.802210 
1063.572750 	 0.801868 
1063.809893 	 0.801690 
1064.185334 	 0.801407 
1064.262411 	 0.802312 
1065.287989 	 0.802000 
1065.777921 	 0.801799 
1065.956222 	 0.802179 
1066.504322 	 0.801786 
1066.514865 	 0.801999 
1066.632515 	 0.802499 
1066.946496 	 0.802714 
1067.186996 	 0.803498 
1067.702187 	 0.803889 
1068.117712 	 0.803962 
1068.323596 	 0.803913 
1068.361312 	 0.804991 
1068.755280 	 0.805658 
1069.098838 	 0.806992 
1069.666480 	 0.806742 
1069.761452 	 0.806784 
1069.883199 	 0.806794 
1069.992460 	 0.806819 
1070.107088 	 0.807042 
1070.438085 	 0.807403 
1071.091705 	 0.807152 
1071.351280 	 0.807427 
1071.854719 	 0.807048 
1072.145670 	 0.806829 
1072.611871 	 0.806478 
1072.668854 	 0.806435 
1072.921735 	 0.806974 
1073.704072 	 0.806403 
1073.722539 	 0.807388 
1074.795054 	 0.806966 
1075.207456 	 0.807324 
1075.925261 	 0.806860 
1075.965093 	 0.807138 
1076.131013 	 0.807888 
1076.601447 	 0.807571 
1076.639435 	 0.807683 
1076.791221 	 0.807571 
1076.792200 	 0.808069 
1077.060606 	 0.807958 
1077.157842 	 0.807885 
1077.597359 	 0.807555 
1077.732045 	 0.807454 
1077.983066 	 0.807266 
1078.012573 	 0.807244 
1078.659905 	 0.806760 
1078.856017 	 0.806613 
1079.579324 	 0.806073 
1079.760733 	 0.805937 
1080.249592 	 0.805573 
1080.704098 	 0.805234 
1081.565092 	 0.804593 
1081.579802 	 0.804582 
1081.589673 	 0.804574 
1082.728843 	 0.803806 
1082.813459 	 0.803860 
1082.939931 	 0.804423 
1083.651642 	 0.804079 
1083.850649 	 0.804081 
1083.932141 	 0.804219 
1084.146819 	 0.804386 
1084.323858 	 0.805450 
1084.971699 	 0.805116 
1085.051304 	 0.805230 
1085.238937 	 0.805090 
1085.370667 	 0.804993 
1085.580786 	 0.804837 
1085.818443 	 0.804661 
1085.985935 	 0.804537 
1086.000020 	 0.804526 
1086.466512 	 0.804181 
1086.960140 	 0.804024 
1087.186880 	 0.804218 
1087.580009 	 0.804115 
1087.783616 	 0.804088 
1087.850948 	 0.804943 
1088.343214 	 0.805814 
1089.015006 	 0.805532 
1089.132627 	 0.805627 
1089.231708 	 0.805844 
1089.337005 	 0.806066 
1089.500065 	 0.805978 
1089.517910 	 0.806342 
1089.929213 	 0.806208 
1090.115096 	 0.807411 
1091.575902 	 0.806480 
1091.739424 	 0.806897 
1092.325953 	 0.806567 
1092.439064 	 0.806483 
1092.603841 	 0.806362 
1093.143147 	 0.805964 
1093.253452 	 0.805883 
1093.525358 	 0.805682 
1093.585251 	 0.805638 
1093.610754 	 0.805619 
1094.107071 	 0.805254 
1094.703188 	 0.804815 
1094.951412 	 0.804633 
1096.387387 	 0.803579 
1096.426131 	 0.803551 
1096.763661 	 0.803303 
1096.778518 	 0.803293 
1097.077756 	 0.803073 
1097.474971 	 0.802783 
1097.734154 	 0.802593 
1097.827843 	 0.802525 
1098.165262 	 0.802278 
1098.587389 	 0.801970 
1099.005969 	 0.801664 
1099.253131 	 0.801484 
1100.070178 	 0.800889 
1100.128205 	 0.800847 
1100.261455 	 0.800750 
1100.308749 	 0.800715 
1100.465670 	 0.800601 
1100.896239 	 0.800288 
1101.399720 	 0.799922 
1101.736978 	 0.799677 
1101.811402 	 0.799623 
1102.334921 	 0.799243 
1102.635824 	 0.799025 
1102.664608 	 0.799004 
1102.941197 	 0.798804 
1103.125899 	 0.799018 
1103.509369 	 0.798762 
1103.532762 	 0.798830 
1103.627321 	 0.798889 
1103.767785 	 0.799523 
1104.579539 	 0.799609 
1105.323133 	 0.799452 
1105.745263 	 0.799255 
1105.864202 	 0.799463 
1106.027085 	 0.799878 
1106.321570 	 0.800317 
1106.682253 	 0.801257 
1107.346697 	 0.801094 
1107.522547 	 0.801150 
1107.623836 	 0.801519 
1107.868705 	 0.801393 
1107.896975 	 0.802023 
1108.617837 	 0.801698 
1108.835502 	 0.801540 
1108.843348 	 0.801535 
1109.446671 	 0.801099 
1109.562156 	 0.801015 
1109.686635 	 0.800926 
1109.699087 	 0.800917 
1110.240805 	 0.800526 
1110.490449 	 0.800346 
1110.596858 	 0.800269 
1111.096027 	 0.799910 
1111.115680 	 0.799895 
1111.289462 	 0.799770 
1111.529625 	 0.799598 
1111.535506 	 0.799593 
1111.542743 	 0.799588 
1111.864084 	 0.799357 
1111.925115 	 0.799313 
1112.002465 	 0.799258 
1112.973911 	 0.798560 
1113.439244 	 0.798226 
1113.824590 	 0.797950 
1113.937433 	 0.797869 
1113.982266 	 0.797837 
1114.360054 	 0.797567 
1114.438826 	 0.797510 
1115.385949 	 0.796833 
1115.658021 	 0.796639 
1115.665836 	 0.796633 
1116.296224 	 0.796183 
1116.825619 	 0.795806 
1117.130359 	 0.795589 
1117.279835 	 0.795482 
1117.527714 	 0.795306 
1118.017789 	 0.794957 
1118.041395 	 0.794940 
1118.475102 	 0.794632 
1118.599573 	 0.794544 
1118.691942 	 0.795005 
1119.281160 	 0.795126 
1119.885013 	 0.794837 
1120.041384 	 0.794944 
1120.163846 	 0.794880 
1120.176274 	 0.794979 
1120.297653 	 0.795031 
1120.452348 	 0.795351 
1120.692866 	 0.795387 
1120.925103 	 0.795223 
1121.075672 	 0.795116 
1121.520794 	 0.794800 
1122.019061 	 0.794447 
1122.097119 	 0.794401 
1122.107136 	 0.794664 
1122.410667 	 0.795348 
1123.419428 	 0.795041 
1123.876897 	 0.794718 
1123.922161 	 0.794686 
1124.397616 	 0.794350 
1124.970154 	 0.793945 
1125.136863 	 0.793828 
1125.159839 	 0.793811 
1125.364368 	 0.793667 
1125.592119 	 0.793507 
1126.271586 	 0.793028 
1126.808642 	 0.792650 
1127.073437 	 0.792464 
1127.648651 	 0.792059 
1127.663771 	 0.792049 
1127.725048 	 0.792006 
1128.864826 	 0.791364 
1129.043643 	 0.791514 
1129.353585 	 0.791651 
1129.754401 	 0.791859 
1130.306514 	 0.791676 
1130.537204 	 0.791823 
1130.885257 	 0.791957 
1131.312503 	 0.791956 
1131.649736 	 0.792532 
1132.568606 	 0.792129 
1132.841035 	 0.792201 
1133.137995 	 0.792088 
1133.244786 	 0.792179 
1133.432370 	 0.792219 
1133.627053 	 0.792230 
1133.793147 	 0.792247 
1133.943957 	 0.792144 
1133.945436 	 0.792168 
1133.973775 	 0.792148 
1134.076655 	 0.792076 
1134.212392 	 0.791981 
1134.477074 	 0.791797 
1134.481555 	 0.791793 
1134.651844 	 0.791675 
1134.771980 	 0.791591 
1135.793109 	 0.790879 
1136.053831 	 0.790698 
1137.296247 	 0.789834 
1137.617160 	 0.789611 
1137.878869 	 0.789676 
1138.159060 	 0.790091 
1138.505966 	 0.789856 
1138.509559 	 0.790259 
1138.663126 	 0.790637 
1138.939076 	 0.791262 
1139.404216 	 0.791447 
1139.693929 	 0.791340 
1139.747504 	 0.791704 
1139.976069 	 0.791780 
1140.109481 	 0.791728 
1140.133002 	 0.791746 
1140.171712 	 0.791719 
1140.402578 	 0.791559 
1140.448045 	 0.791527 
1140.452715 	 0.791524 
1140.630238 	 0.791401 
1141.173005 	 0.791024 
1141.768620 	 0.790612 
1141.806799 	 0.790585 
1141.875385 	 0.790779 
1142.150596 	 0.790619 
1142.185332 	 0.790912 
1142.547464 	 0.792084 
1143.360557 	 0.791542 
1143.372892 	 0.791636 
1143.489933 	 0.791555 
1143.596181 	 0.791482 
1144.200143 	 0.791064 
1144.596366 	 0.790790 
1144.713325 	 0.790709 
1145.533126 	 0.790143 
1145.561893 	 0.790124 
1145.846189 	 0.789928 
1146.364573 	 0.789570 
1146.740713 	 0.789311 
1146.815013 	 0.789260 
1146.820391 	 0.789256 
1147.314253 	 0.788917 
1147.347135 	 0.788894 
1147.597709 	 0.788722 
1147.766943 	 0.788606 
1148.007135 	 0.788441 
1148.081871 	 0.788389 
1148.122657 	 0.788361 
1148.334249 	 0.788216 
1148.757507 	 0.787926 
1149.182952 	 0.787634 
1149.597745 	 0.787350 
1149.986212 	 0.787084 
1150.388750 	 0.786955 
1150.557798 	 0.786914 
1150.643659 	 0.787485 
1151.005962 	 0.787915 
1151.396052 	 0.787699 
1151.454962 	 0.787659 
1151.477086 	 0.787644 
1151.957535 	 0.787316 
1152.010770 	 0.787279 
1152.401631 	 0.787012 
1152.730448 	 0.786788 
1152.823985 	 0.786794 
1152.905400 	 0.787119 
1153.124343 	 0.787093 
1153.195980 	 0.787394 
1153.397553 	 0.788823 
1154.301048 	 0.788261 
1154.333181 	 0.788266 
1154.348708 	 0.788268 
1154.355995 	 0.788294 
1154.391057 	 0.788270 
1154.577851 	 0.788142 
1154.675443 	 0.788076 
1154.707490 	 0.788054 
1154.832940 	 0.787968 
1154.949044 	 0.788145 
1155.244399 	 0.788422 
1155.797407 	 0.788050 
1155.803554 	 0.788505 
1156.333740 	 0.789102 
1157.442056 	 0.788686 
1157.835871 	 0.788422 
1157.841088 	 0.788459 
1157.887480 	 0.788803 
1158.104926 	 0.791067 
1159.501854 	 0.790979 
1160.003349 	 0.790948 
1160.364343 	 0.790852 
1160.537523 	 0.791112 
1160.977022 	 0.790937 
1161.120745 	 0.791078 
1161.259530 	 0.791232 
1161.548557 	 0.791847 
1162.020081 	 0.791542 
1162.039003 	 0.791709 
1162.248034 	 0.791606 
1162.293815 	 0.791638 
1162.367201 	 0.791588 
1162.717456 	 0.791350 
1162.856107 	 0.791255 
1162.980895 	 0.791170 
1164.073581 	 0.790428 
1164.250349 	 0.790308 
1164.810431 	 0.789928 
1164.813895 	 0.789925 
1165.321765 	 0.789581 
1166.869800 	 0.788534 
1166.920322 	 0.788499 
1167.708928 	 0.787967 
1168.170266 	 0.787656 
1168.356979 	 0.787530 
1168.415746 	 0.787490 
1168.778618 	 0.787246 
1169.262511 	 0.786920 
1169.355574 	 0.786954 
1169.468892 	 0.786889 
1169.481809 	 0.787357 
1170.039595 	 0.787542 
1170.694890 	 0.787689 
1171.383036 	 0.787885 
1172.154511 	 0.788021 
1172.921915 	 0.788031 
1173.537961 	 0.787888 
1173.855615 	 0.787890 
1174.108353 	 0.787828 
1174.171367 	 0.787866 
1174.266432 	 0.787852 
1174.324399 	 0.787984 
1174.424713 	 0.788314 
1174.658092 	 0.788244 
1174.709050 	 0.788816 
1174.946321 	 0.789213 
1175.273292 	 0.789066 
1175.358762 	 0.790035 
1175.961853 	 0.790112 
1176.245560 	 0.790028 
1176.370515 	 0.790208 
1176.681401 	 0.790042 
1176.731299 	 0.790009 
1176.759262 	 0.789990 
1176.774724 	 0.790085 
1176.899424 	 0.790057 
1176.965003 	 0.790144 
1177.119243 	 0.790416 
1177.340225 	 0.790381 
1177.473895 	 0.790292 
1177.564437 	 0.790231 
1177.626380 	 0.790189 
1177.752466 	 0.790105 
1177.767333 	 0.790137 
1177.817444 	 0.790224 
1177.958974 	 0.790129 
1178.006556 	 0.790097 
1178.503260 	 0.789764 
1178.633497 	 0.789677 
1179.872917 	 0.788847 
1180.727191 	 0.788277 
1181.312479 	 0.787886 
1181.399304 	 0.787828 
1181.457381 	 0.787789 
1182.020312 	 0.787414 
1182.284172 	 0.787238 
1182.477463 	 0.787110 
1182.482039 	 0.787107 
1182.506044 	 0.787091 
1182.616789 	 0.787017 
1183.129609 	 0.786676 
1183.134420 	 0.786673 
1183.746814 	 0.786266 
1183.969597 	 0.786118 
1184.093368 	 0.786036 
1184.209280 	 0.785959 
1184.224763 	 0.785948 
1184.395145 	 0.785835 
1184.495643 	 0.785769 
1184.878188 	 0.785515 
1184.909776 	 0.785494 
1185.239217 	 0.785276 
1185.265182 	 0.785258 
1185.315480 	 0.785225 
1186.484505 	 0.784451 
1186.583759 	 0.784386 
1187.205211 	 0.783975 
1188.416133 	 0.783176 
1188.437055 	 0.783163 
1189.069203 	 0.782746 
1189.928967 	 0.782440 
1190.237825 	 0.782323 
1190.340258 	 0.782334 
1190.433612 	 0.782738 
1190.710601 	 0.783152 
1191.065130 	 0.783064 
1191.151475 	 0.783154 
1191.239160 	 0.783284 
1191.350916 	 0.783227 
1191.370317 	 0.783600 
1191.829804 	 0.783551 
1192.131059 	 0.784011 
1192.916013 	 0.783545 
1192.945976 	 0.783592 
1193.024948 	 0.783639 
1193.083716 	 0.783665 
1193.161910 	 0.783630 
1193.181346 	 0.783618 
1193.342798 	 0.783512 
1194.017647 	 0.783069 
1194.986360 	 0.782434 
1195.007593 	 0.782420 
1195.040642 	 0.782398 
1195.100539 	 0.782359 
1195.837282 	 0.781877 
1195.914431 	 0.781827 
1196.056574 	 0.781734 
1196.431207 	 0.781489 
1196.736320 	 0.781290 
1196.961428 	 0.781143 
1196.966825 	 0.781139 
1197.446856 	 0.780826 
1197.596678 	 0.780729 
1197.780278 	 0.780609 
1198.237484 	 0.780311 
1198.578031 	 0.780089 
1198.666304 	 0.780032 
1199.271113 	 0.779666 
1199.304385 	 0.780516 
1200.349310 	 0.779892 
1200.416360 	 0.780110 
1200.729516 	 0.780165 
1201.040644 	 0.780168 
1201.286711 	 0.780349 
1201.696106 	 0.780225 
1201.866925 	 0.780260 
1202.042315 	 0.780152 
1202.048395 	 0.781018 
1203.094817 	 0.780515 
1203.306527 	 0.780418 
1203.355790 	 0.780516 
1203.511151 	 0.780744 
1203.907443 	 0.780789 
1204.271405 	 0.780596 
1204.322095 	 0.780577 
1204.339156 	 0.780740 
1204.549352 	 0.781818 
1206.011129 	 0.781663 
1206.967275 	 0.781135 
1207.077194 	 0.781268 
1207.323662 	 0.781367 
1207.479599 	 0.781540 
1207.645296 	 0.782329 
1208.186199 	 0.782083 
1208.249530 	 0.783606 
1209.194149 	 0.783186 
1209.426012 	 0.783187 
1209.517890 	 0.783132 
1209.523043 	 0.783129 
1209.564883 	 0.783102 
1210.053377 	 0.782786 
1210.381252 	 0.782573 
1210.649007 	 0.782400 
1210.865695 	 0.782260 
1210.927111 	 0.782221 
1210.943944 	 0.782210 
1210.968704 	 0.782194 
1211.015527 	 0.782356 
1211.248976 	 0.782247 
1211.299278 	 0.782215 
1211.853477 	 0.781857 
1212.357638 	 0.781532 
1212.516729 	 0.781429 
1212.858102 	 0.781258 
1212.917586 	 0.781502 
1213.259335 	 0.782470 
1214.700624 	 0.781721 
1214.918646 	 0.781652 
1215.005445 	 0.781932 
1215.414146 	 0.781902 
1215.696935 	 0.781758 
1215.742759 	 0.781836 
1215.873284 	 0.781811 
1215.944753 	 0.782049 
1216.290196 	 0.781982 
1216.478775 	 0.782500 
1217.256652 	 0.782045 
1217.311757 	 0.782198 
1217.540786 	 0.782846 
1218.509263 	 0.782632 
1219.006289 	 0.782976 
1219.814965 	 0.784035 
1221.739679 	 0.782928 
1221.896038 	 0.782978 
1222.079859 	 0.784338 
1222.982817 	 0.783794 
1223.004092 	 0.783959 
1223.113515 	 0.784794 
1223.666902 	 0.785733 
1224.458993 	 0.785325 
1224.519880 	 0.785572 
1224.695484 	 0.785884 
1224.955517 	 0.786116 
1225.199433 	 0.786327 
1225.650287 	 0.786247 
1225.906246 	 0.786152 
1225.990754 	 0.786279 
1226.213815 	 0.786136 
1226.674415 	 0.785841 
1227.283820 	 0.785451 
1227.481274 	 0.785325 
1227.613178 	 0.785240 
1227.713084 	 0.785176 
1227.907668 	 0.785052 
1228.183193 	 0.784876 
1228.569075 	 0.784629 
1228.883939 	 0.784428 
1229.091995 	 0.784295 
1229.398885 	 0.784100 
1229.659230 	 0.783934 
1230.081825 	 0.783664 
1230.974108 	 0.783096 
1232.415000 	 0.782181 
1232.818737 	 0.781925 
1232.975937 	 0.781825 
1233.012519 	 0.781802 
1233.556851 	 0.781457 
1233.632630 	 0.781409 
1234.049140 	 0.781145 
1234.984243 	 0.780554 
1235.127633 	 0.780693 
1235.411416 	 0.780972 
1235.978453 	 0.781490 
1237.061499 	 0.781378 
1237.769348 	 0.781268 
1238.185571 	 0.781134 
1238.345039 	 0.781550 
1238.985256 	 0.781579 
1239.520896 	 0.781310 
1239.605899 	 0.781283 
1239.639953 	 0.783563 
1241.066096 	 0.782844 
1241.291510 	 0.782702 
1241.800258 	 0.782381 
1242.921582 	 0.782180 
1243.548137 	 0.782156 
1244.008830 	 0.782069 
1244.260646 	 0.781956 
1244.317862 	 0.782040 
1244.466395 	 0.782337 
1244.951949 	 0.782292 
1245.276393 	 0.782577 
1245.884953 	 0.782230 
1245.929248 	 0.782449 
1246.082925 	 0.782564 
1246.214312 	 0.782617 
1246.383767 	 0.782714 
1246.637663 	 0.782555 
1247.240519 	 0.782177 
1247.335049 	 0.782117 
1247.453799 	 0.782043 
1247.510483 	 0.782041 
1247.552051 	 0.782127 
1247.692594 	 0.782108 
1247.778604 	 0.783478 
1249.555689 	 0.782623 
1249.878802 	 0.782888 
1250.463502 	 0.782596 
1250.555970 	 0.782613 
1250.649759 	 0.782673 
1250.797590 	 0.782672 
1250.912043 	 0.782663 
1250.990225 	 0.783420 
1251.998235 	 0.782967 
1252.221333 	 0.783278 
1252.785252 	 0.783207 
1252.961495 	 0.783496 
1253.211675 	 0.783513 
1253.320584 	 0.783504 
1253.357535 	 0.783580 
1253.419843 	 0.783951 
1253.590749 	 0.784427 
1253.834610 	 0.784428 
1253.898690 	 0.786143 
1254.632114 	 0.786307 
1254.893060 	 0.787566 
1255.488046 	 0.787255 
1255.513954 	 0.787407 
1255.619905 	 0.787567 
1255.904034 	 0.787718 
1256.316850 	 0.787746 
1256.677700 	 0.787848 
1257.089748 	 0.787740 
1257.278583 	 0.787787 
1257.487241 	 0.787656 
1257.517018 	 0.787638 
1257.694433 	 0.787527 
1257.919984 	 0.787386 
1258.042612 	 0.787309 
1258.284399 	 0.787157 
1258.540930 	 0.786997 
1258.544730 	 0.786995 
1258.632858 	 0.786940 
1259.518641 	 0.786386 
1259.923727 	 0.786133 
1260.036369 	 0.786240 
1260.259670 	 0.786130 
1260.295810 	 0.786288 
1260.523356 	 0.786226 
1260.574262 	 0.786471 
1260.922289 	 0.786254 
1261.032587 	 0.786185 
1261.371686 	 0.785974 
1262.173620 	 0.785474 
1262.189163 	 0.785465 
1262.196896 	 0.785460 
1262.211987 	 0.785450 
1262.308837 	 0.785390 
1263.725958 	 0.784758 
1264.039684 	 0.784773 
1264.305102 	 0.784824 
1264.577551 	 0.784687 
1264.619064 	 0.785133 
1265.214967 	 0.784820 
1265.287749 	 0.784793 
1265.298621 	 0.784831 
1265.327039 	 0.785215 
1265.581568 	 0.785217 
1265.783494 	 0.785092 
1266.072070 	 0.784913 
1266.079870 	 0.784908 
1266.250398 	 0.784802 
1266.304976 	 0.784768 
1266.615269 	 0.784576 
1266.846532 	 0.784433 
1267.575240 	 0.783982 
1267.811104 	 0.783836 
1267.994610 	 0.783723 
1268.100599 	 0.783657 
1268.140272 	 0.783633 
1268.616378 	 0.783339 
1268.805160 	 0.783222 
1268.918142 	 0.783152 
1269.608894 	 0.782726 
1269.898070 	 0.782548 
1270.351431 	 0.782269 
1270.354039 	 0.782267 
1270.703223 	 0.782052 
1270.999232 	 0.781870 
1271.274416 	 0.781701 
1271.899200 	 0.781317 
1271.973167 	 0.781271 
1272.697866 	 0.780826 
1272.879030 	 0.780715 
1272.938261 	 0.780759 
1273.040296 	 0.781176 
1273.650856 	 0.781131 
1274.069823 	 0.781000 
1274.230833 	 0.780914 
1274.238595 	 0.781207 
1274.618925 	 0.781119 
1274.802845 	 0.781006 
1274.897346 	 0.780948 
1275.182590 	 0.780773 
1275.246453 	 0.780734 
1275.458357 	 0.780604 
1275.555326 	 0.780545 
1275.623930 	 0.780503 
1275.994195 	 0.780277 
1276.019741 	 0.780261 
1276.107280 	 0.780208 
1276.431109 	 0.780010 
1276.489094 	 0.779974 
1276.559642 	 0.779931 
1276.855763 	 0.779750 
1277.064069 	 0.779623 
1277.320699 	 0.779466 
1277.730731 	 0.779216 
1277.953845 	 0.779080 
1278.081723 	 0.779002 
1278.278782 	 0.778882 
1278.448317 	 0.778779 
1278.485685 	 0.778756 
1278.539921 	 0.778723 
1278.896578 	 0.778506 
1279.568393 	 0.778097 
1279.774104 	 0.777972 
1279.934850 	 0.777874 
1280.930468 	 0.777270 
1281.158403 	 0.777173 
1281.211474 	 0.777579 
1281.773486 	 0.777386 
1281.962283 	 0.778076 
1282.478236 	 0.777821 
1282.515555 	 0.777949 
1282.612148 	 0.780197 
1283.598304 	 0.779600 
1283.599332 	 0.779864 
1283.939583 	 0.779685 
1283.974878 	 0.779729 
1284.058991 	 0.779946 
1284.403751 	 0.779761 
1284.434127 	 0.779742 
1284.915994 	 0.779450 
1285.142780 	 0.779312 
1285.171405 	 0.779295 
1285.940268 	 0.778829 
1286.020577 	 0.778780 
1286.211042 	 0.778755 
1286.326537 	 0.778985 
1286.712147 	 0.779124 
1287.192035 	 0.779245 
1287.721763 	 0.779225 
1288.108324 	 0.7798